x	ch1x	ch3x	ch5y	ch7y
+0.0000000e+0	+1.0397179e+0	+1.3449118e+0	-2.2845864e+0	+3.9349277e+0
+0.1000000e+0	-0.1402453e+0	+0.1649479e+0	-0.7113088e+0	+2.3616345e+0
+0.2000000e+0	+1.0397179e+0	-0.6216930e+0	-0.7113088e+0	-2.5548730e+0
+0.3000000e+0	-1.7135249e+0	-0.4250329e+0	-1.1046287e+0	-1.9648948e+0
+0.4000000e+0	+2.4163454e+0	+0.3616084e+0	-1.8912675e+0	-0.9815962e+0
+0.5000000e+0	-1.7135249e+0	-0.3171244e-1	-2.0879271e+0	-0.1949558e+0
+0.6000000e+0	-2.3035033e+0	+0.3616084e+0	+0.8619742e+0	+0.7883465e+0
+0.7000000e+0	+0.4497359e+0	-0.4250329e+0	-0.7113088e+0	-0.1949558e+0
+0.8000000e+0	+0.2530754e+0	+0.7549295e+0	-1.4979483e+0	+0.9850072e+0
+0.9000000e+0	-0.1402453e+0	-0.8183531e+0	-0.3179885e+0	-1.5715756e+0
+1.0000000e+0	+1.6297005e+0	-2.5882897e+0	+0.2719925e+0	-0.1949558e+0
+1.1000000e+0	-0.9268858e+0	-2.5882897e+0	-0.3179885e+0	-2.7515323e+0
+1.2000000e+0	+1.2363787e+0	-1.2116729e+0	+1.2552958e+0	-1.9648948e+0
+1.3000000e+0	+1.4330395e+0	+0.1649479e+0	+3.6152320e+0	+0.1983648e+0
+1.4000000e+0	+2.6130066e+0	+1.5415728e+0	-0.5146487e+0	+0.5916858e+0
+1.5000000e+0	+1.0397179e+0	-0.6216930e+0	-1.3012885e+0	+1.9683120e+0
+1.6000000e+0	-0.7302257e+0	+0.1649479e+0	-1.3012885e+0	+2.9516189e+0
+1.7000000e+0	+2.8096681e+0	+1.1482511e+0	+0.4686530e+0	+0.5916858e+0
+1.8000000e+0	+0.5641502e-1	-1.8016521e+0	+0.2719925e+0	-3.9314859e+0
+1.9000000e+0	-0.3369055e+0	-0.6216930e+0	+0.2719925e+0	+1.5749898e+0
+2.0000000e+0	+0.2530754e+0	-0.3171244e-1	-0.3179885e+0	+3.1482804e+0
+2.1000000e+0	+1.6297005e+0	+2.9182017e+0	-0.1213283e+0	-0.9815962e+0
+2.2000000e+0	-2.3035033e+0	+4.2948346e+0	-2.8745642e+0	-4.3248029e+0
+2.3000000e+0	+0.8430572e+0	-1.2116729e+0	+0.0753321e+0	+1.5749898e+0
+2.4000000e+0	-0.7302257e+0	-0.3171244e-1	-0.5146487e+0	+3.1482804e+0
+2.5000000e+0	+1.4330395e+0	+1.1482511e+0	+0.8619742e+0	-4.5214615e+0
+2.6000000e+0	+2.8096681e+0	+2.3282175e+0	-0.9079688e+0	+0.8851503e+1
+2.7000000e+0	+0.2530754e+0	-2.3916304e+0	-1.6946080e+0	+1.5749898e+0
+2.8000000e+0	+0.4497359e+0	-1.0150130e+0	+2.4352624e+0	-0.9815962e+0
+2.9000000e+0	-0.5335657e+0	-0.6216930e+0	+1.6486176e+0	-0.8061300e+1
+3.0000000e+0	+3.9896388e+0	-0.6216930e+0	-0.5146487e+0	-4.9147782e+0
+3.1000000e+0	+1.0397179e+0	+3.5081868e+0	-3.0712233e+0	+4.5249143e+0
+3.2000000e+0	-1.3202055e+0	-0.6216930e+0	+1.2552958e+0	+5.1149011e+0
+3.3000000e+0	+1.4330395e+0	-1.0150130e+0	+1.2552958e+0	+4.1315899e+0
+3.4000000e+0	-2.1068439e+0	+1.5415728e+0	+0.6653135e+0	-7.8646431e+0
+3.5000000e+0	-0.1402453e+0	+5.8681345e+0	-2.4812458e+0	-2.7515323e+0
+3.6000000e+0	-1.1235456e+0	-6.3248005e+0	-3.6612000e+0	+4.9182386e+0
+3.7000000e+0	+1.4330395e+0	+0.5582689e+0	-0.5146487e+0	+6.0982146e+0
+3.8000000e+0	+0.8430572e+0	+1.7382338e+0	+0.4686530e+0	+5.9015517e+0
+3.9000000e+0	+1.8263617e+0	+3.3115251e+0	+1.8452787e+0	+2.7549572e+0
+4.0000000e+0	+2.6130066e+0	+0.7549295e+0	-1.4979483e+0	-4.1281443e+0
+4.1000000e+0	+2.2196839e+0	+5.0814838e+0	-1.6946080e+0	+3.9349277e+0
+4.2000000e+0	+3.9896388e+0	+1.9348949e+0	+2.2386012e+0	+1.7716509e+0
+4.3000000e+0	-0.5335657e+0	-2.7849488e+0	+1.8452787e+0	+1.7716509e+0
+4.4000000e+0	-2.5001626e+0	+0.1649479e+0	-3.2678823e+0	-4.1281443e+0
+4.5000000e+0	-1.3202055e+0	+1.9348949e+0	+1.0586350e+0	+4.9182386e+0
+4.6000000e+0	-2.3035033e+0	+0.5582689e+0	-0.7113088e+0	-0.9815962e+0
+4.7000000e+0	-2.8934810e+0	+2.7215402e+0	+1.2552958e+0	-3.1448505e+0
+4.8000000e+0	+0.2530754e+0	+2.1315560e+0	-1.3012885e+0	+2.9516189e+0
+4.9000000e+0	+3.9896388e+0	+3.1148634e+0	+0.2719925e+0	+1.9683120e+0
+5.0000000e+0	+3.9896388e+0	-2.3916304e+0	-0.7113088e+0	+1.3783288e+0
+5.1000000e+0	+1.8263617e+0	+1.1482511e+0	+0.8619742e+0	+3.5416040e+0
+5.2000000e+0	+1.0397179e+0	-1.0150130e+0	-0.1213283e+0	+1.3783288e+0
+5.3000000e+0	+4.5796251e+0	-2.3916304e+0	-1.8912675e+0	+1.7716509e+0
+5.4000000e+0	+1.6297005e+0	+2.5248787e+0	+0.4686530e+0	+2.5582957e+0
+5.5000000e+0	-2.1068439e+0	+2.9182017e+0	-0.3179885e+0	+3.5416040e+0
+5.6000000e+0	-3.2867992e+0	-3.1782670e+0	+0.6653135e+0	+1.5749898e+0
+5.7000000e+0	-0.1402453e+0	+0.9515902e+0	+0.0753321e+0	-0.1949558e+0
+5.8000000e+0	-0.7302257e+0	-0.8183531e+0	-2.2845864e+0	+0.1704454e-2
+5.9000000e+0	+3.2029915e+0	+0.5582689e+0	+3.4185703e+0	+0.3950253e+0
+6.0000000e+0	-0.1402453e+0	-4.5548782e+0	-0.3179885e+0	-2.3582137e+0
+6.1000000e+0	-0.1402453e+0	-0.8183531e+0	-1.6946080e+0	+0.5916858e+0
+6.2000000e+0	-1.5168653e+0	+0.7549295e+0	+2.2386012e+0	+1.3783288e+0
+6.3000000e+0	+1.2363787e+0	-1.8016521e+0	-2.2845864e+0	-2.1615543e+0
+6.4000000e+0	+2.2196839e+0	-1.4083327e+0	-1.4979483e+0	+1.7716509e+0
+6.5000000e+0	+1.2363787e+0	+0.9515902e+0	-2.8745642e+0	+2.1649733e+0
+6.6000000e+0	-1.9101845e+0	-1.2116729e+0	-1.4979483e+0	+1.9683120e+0
+6.7000000e+0	-0.7302257e+0	+0.7549295e+0	+1.4519566e+0	+2.9516189e+0
+6.8000000e+0	+3.2029915e+0	+2.5248787e+0	+0.4686530e+0	+0.1704454e-2
+6.9000000e+0	-1.1235456e+0	-1.4083327e+0	+2.6319239e+0	+1.3783288e+0
+7.0000000e+0	+1.2363787e+0	+3.5081868e+0	+1.2552958e+0	+0.5916858e+0
+7.1000000e+0	-0.1402453e+0	-0.8183531e+0	-2.0879271e+0	+1.3783288e+0
+7.2000000e+0	-1.3202055e+0	+0.5582689e+0	-1.6946080e+0	+3.7382658e+0
+7.3000000e+0	+0.6463965e+0	-1.0150130e+0	+1.0586350e+0	+0.7883465e+0
+7.4000000e+0	+2.2196839e+0	+3.3115251e+0	-0.5146487e+0	+1.3783288e+0
+7.5000000e+0	-1.5168653e+0	+1.1482511e+0	-1.6946080e+0	-1.1782562e+0
+7.6000000e+0	-1.7135249e+0	-2.3916304e+0	-1.8912675e+0	-0.7849362e+0
+7.7000000e+0	-0.3369055e+0	-1.8016521e+0	+2.8285854e+0	+5.1149011e+0
+7.8000000e+0	-1.1235456e+0	+2.7215402e+0	+2.0419400e+0	-5.5047526e+0
+7.9000000e+0	-1.7135249e+0	-0.2283727e+0	+3.2219086e+0	+4.9182386e+0
+0.8000000e+1	+2.0230227e+0	+3.9015105e+0	+3.0252469e+0	-0.3916160e+0
+0.8100000e+1	+2.0230227e+0	+0.5582689e+0	-2.0879271e+0	+2.1649733e+0
+0.8200000e+1	+1.2363787e+0	+0.5582689e+0	-2.0879271e+0	-1.7682352e+0
+0.8300000e+1	+0.2530754e+0	-1.6049924e+0	+1.2552958e+0	+4.3282518e+0
+0.8400000e+1	-2.3035033e+0	+1.3449118e+0	+0.8619742e+0	-1.3749160e+0
+0.8500000e+1	-1.9101845e+0	-3.5715849e+0	+0.0753321e+0	+1.1816679e+0
+0.8600000e+1	-1.9101845e+0	-1.0150130e+0	+0.0753321e+0	-1.5715756e+0
+0.8700000e+1	+0.5641502e-1	-5.9314852e+0	-2.4812458e+0	-3.1448505e+0
+0.8800000e+1	-0.9268858e+0	-3.3749261e+0	-4.0545177e+0	-3.7348270e+0
+0.8900000e+1	-0.3369055e+0	+1.1482511e+0	-1.3012885e+0	-0.1949558e+0
+0.9000000e+1	+2.0230227e+0	-0.4250329e+0	-3.2678823e+0	-1.1782562e+0
+0.9100000e+1	-1.1235456e+0	+1.3449118e+0	+0.4686530e+0	-0.9815962e+0
+0.9200000e+1	+0.6463965e+0	+2.1315560e+0	+1.4519566e+0	+4.7215762e+0
+0.9300000e+1	-1.3202055e+0	+2.3282175e+0	-0.3179885e+0	-1.9648948e+0
+0.9400000e+1	+0.6463965e+0	-0.8183531e+0	-0.1213283e+0	+2.1649733e+0
+0.9500000e+1	-0.9268858e+0	+0.5582689e+0	-1.6946080e+0	-0.9815962e+0
+0.9600000e+1	+3.0063298e+0	-1.0150130e+0	+0.6653135e+0	-0.1949558e+0
+0.9700000e+1	-0.7302257e+0	+3.9015105e+0	-1.3012885e+0	+4.1315899e+0
+0.9800000e+1	-2.8934810e+0	-1.0150130e+0	+0.2719925e+0	-2.5548730e+0
+0.9900000e+1	-1.5168653e+0	+3.5081868e+0	-2.8745642e+0	-1.3749160e+0
+1.0000000e+1	+3.2029915e+0	-0.4250329e+0	+1.2552958e+0	+1.9683120e+0
+1.0100000e+1	-1.7135249e+0	+3.5081868e+0	-1.4979483e+0	-0.9815962e+0
+1.0200000e+1	+1.4330395e+0	-2.1949711e+0	-1.8912675e+0	-1.3749160e+0
+1.0300000e+1	+1.4330395e+0	-0.3171244e-1	+0.6653135e+0	+4.1315899e+0
+1.0400000e+1	-0.9268858e+0	-0.6216930e+0	-1.8912675e+0	-0.5882762e+0
+1.0500000e+1	+2.6130066e+0	+3.3115251e+0	-1.6946080e+0	-2.9481914e+0
+1.0600000e+1	+1.6297005e+0	-3.1782670e+0	-3.4645412e+0	-6.8813567e+0
+1.0700000e+1	+0.5641502e-1	+2.9182017e+0	+0.6653135e+0	-0.9815962e+0
+1.0800000e+1	-0.3369055e+0	+0.7549295e+0	-0.5146487e+0	+1.7716509e+0
+1.0900000e+1	+0.8430572e+0	-1.6049924e+0	+0.4686530e+0	+2.9516189e+0
+1.1000000e+1	-1.3202055e+0	-0.6216930e+0	-0.5146487e+0	+2.7549572e+0
+1.1100000e+1	+0.4497359e+0	-0.8183531e+0	-2.8745642e+0	+0.1983648e+0
+1.1200000e+1	-0.5335657e+0	-0.8183531e+0	+0.6653135e+0	+0.7883465e+0
+1.1300000e+1	-0.7302257e+0	+2.9182017e+0	+0.6653135e+0	+2.9516189e+0
+1.1400000e+1	+0.4497359e+0	+0.3616084e+0	-2.8745642e+0	+4.5249143e+0
+1.1500000e+1	+0.6463965e+0	+2.7215402e+0	-1.1046287e+0	+2.1649733e+0
+1.1600000e+1	-0.5335657e+0	+5.6714716e+0	-3.8578589e+0	+0.5916858e+0
+1.1700000e+1	+5.7596002e+0	+3.7048485e+0	-0.8380987e+1	+2.5582957e+0
+1.1800000e+1	+0.8119559e+1	+6.2614603e+0	-0.9757584e+1	-2.1615543e+0
+1.1900000e+1	+7.3329048e+0	+0.8228094e+1	-1.7623766e+1	-3.5381682e+0
+1.2000000e+1	+5.3662748e+0	+0.9408078e+1	-1.8410378e+1	-2.9481914e+0
+1.2100000e+1	+5.5629377e+0	+1.2554717e+1	-1.3690692e+1	-3.5381682e+0
+1.2200000e+1	+6.9395781e+0	+0.9998072e+1	-1.9393641e+1	+2.1649733e+0
+1.2300000e+1	+7.9228954e+0	+1.1374725e+1	-1.3297382e+1	-4.7181201e+0
+1.2400000e+1	+0.9496207e+1	+1.0391400e+1	-1.6640501e+1	-3.3415093e+0
+1.2500000e+1	+1.0086201e+1	+1.4521378e+1	-1.6837154e+1	-0.1949558e+0
+1.2600000e+1	+7.5295682e+0	+1.0784730e+1	-1.6640501e+1	-2.1615543e+0
+1.2700000e+1	+0.9102879e+1	+1.3538047e+1	-1.9786943e+1	-3.7348270e+0
+1.2800000e+1	+1.0872860e+1	+1.3341380e+1	-1.5657233e+1	-1.5715756e+0
+1.2900000e+1	+0.8512887e+1	+0.9014750e+1	-1.6247194e+1	-4.1281443e+0
+1.3000000e+1	+0.9889536e+1	+0.9408078e+1	-1.2314107e+1	+5.9015517e+0
+1.3100000e+1	+0.9299543e+1	+1.2948049e+1	-1.4870618e+1	+0.9850072e+0
+1.3200000e+1	+0.8119559e+1	+1.3144714e+1	-1.7820419e+1	-1.7682352e+0
+1.3300000e+1	+1.0872860e+1	+1.4128045e+1	-1.9983597e+1	-7.2746716e+0
+1.3400000e+1	+0.8906215e+1	+0.9604743e+1	-1.9000336e+1	-0.1949558e+0
+1.3500000e+1	+7.7262321e+0	+7.6381030e+0	-1.7230461e+1	+3.7382658e+0
+1.3600000e+1	+0.8119559e+1	+0.9801407e+1	-1.7427114e+1	-1.5715756e+0
+1.3700000e+1	+0.8119559e+1	+1.0981396e+1	-1.4084001e+1	-3.3415093e+0
+1.3800000e+1	+1.0282866e+1	+1.1768056e+1	-1.4870618e+1	+0.1983648e+0
+1.3900000e+1	+7.9228954e+0	+1.3144714e+1	-1.1134175e+1	-4.5214615e+0
+1.4000000e+1	+0.9299543e+1	+1.0784730e+1	-1.5657233e+1	-4.7181201e+0
+1.4100000e+1	+7.9228954e+0	+7.8347669e+0	-1.5263926e+1	-0.9815962e+0
+1.4200000e+1	+1.1069525e+1	+1.3538047e+1	-1.3690692e+1	-2.1615543e+0
+1.4300000e+1	+4.9729500e+0	+1.0981396e+1	-1.3887346e+1	-0.3916160e+0
+1.4400000e+1	+0.9299543e+1	+7.6381030e+0	-1.1920797e+1	+4.9182386e+0
+1.4500000e+1	+0.8709551e+1	+1.2554717e+1	-1.8213726e+1	+0.1983648e+0
+1.4600000e+1	+5.7596002e+0	+7.0481129e+0	-1.7230461e+1	-1.1782562e+0
+1.4700000e+1	+5.1696124e+0	+1.0194736e+1	-1.6837154e+1	+0.7883465e+0
+1.4800000e+1	+0.9496207e+1	+1.0588065e+1	-2.1163506e+1	-4.1281443e+0
+1.4900000e+1	+7.7262321e+0	+1.1178061e+1	-1.7623766e+1	-1.7682352e+0
+1.5000000e+1	+7.9228954e+0	+1.0194736e+1	-1.7820419e+1	-5.7014108e+0
+1.5100000e+1	+0.9102879e+1	+1.0981396e+1	-1.4084001e+1	+0.1704454e-2
+1.5200000e+1	+7.1362414e+0	+0.9211414e+1	-1.8017073e+1	+0.5916858e+0
+1.5300000e+1	+5.7596002e+0	+1.0391400e+1	-1.4673964e+1	-1.5715756e+0
+1.5400000e+1	+0.8709551e+1	+1.2554717e+1	-1.7033808e+1	-6.2913842e+0
+1.5500000e+1	+0.8512887e+1	+0.9998072e+1	-1.7033808e+1	-3.5381682e+0
+1.5600000e+1	+0.9692872e+1	+1.3931378e+1	-1.3100727e+1	-2.9481914e+0
+1.5700000e+1	+7.7262321e+0	+7.4414396e+0	-1.9393641e+1	-0.3916160e+0
+1.5800000e+1	+0.9496207e+1	+0.8424758e+1	-1.3887346e+1	-2.9481914e+0
+1.5900000e+1	+0.9692872e+1	+1.3341380e+1	-1.5067271e+1	-1.5715756e+0
+1.6000000e+1	+0.8119559e+1	+7.4414396e+0	-2.1360157e+1	-7.0780144e+0
+1.6100000e+1	+7.7262321e+0	+6.4581232e+0	-1.5657233e+1	-2.9481914e+0
+1.6200000e+1	+0.8906215e+1	+1.3734713e+1	-1.5263926e+1	+1.5749898e+0
+1.6300000e+1	+6.5462518e+0	+1.0194736e+1	-1.9000336e+1	-2.1615543e+0
+1.6400000e+1	+0.9692872e+1	+1.1374725e+1	-1.2117453e+1	-0.5882762e+0
+1.6500000e+1	+0.8119559e+1	+1.4521378e+1	-1.4280655e+1	+1.1816679e+0
+1.6600000e+1	+7.3329048e+0	+0.9604743e+1	-1.4084001e+1	+2.3616345e+0
+1.6700000e+1	+0.8709551e+1	+1.5504711e+1	-1.5263926e+1	-5.3080945e+0
+1.6800000e+1	+6.5462518e+0	+7.6381030e+0	-1.8017073e+1	-0.9815962e+0
+1.6900000e+1	+0.8709551e+1	+1.0588065e+1	-1.4280655e+1	-0.3916160e+0
+1.7000000e+1	+0.8119559e+1	+1.2751383e+1	-1.5657233e+1	-0.7849362e+0
+1.7100000e+1	+1.0872860e+1	+1.0981396e+1	-1.5460580e+1	+1.5749898e+0
+1.7200000e+1	+7.9228954e+0	+0.8228094e+1	-1.4673964e+1	-3.1448505e+0
+1.7300000e+1	+0.9299543e+1	+0.8031430e+1	-1.8803682e+1	-2.3582137e+0
+1.7400000e+1	+7.9228954e+0	+1.2554717e+1	-1.5067271e+1	+1.5749898e+0
+1.7500000e+1	+6.9395781e+0	+1.3341380e+1	-1.7033808e+1	-1.3749160e+0
+1.7600000e+1	+1.0086201e+1	+1.3734713e+1	-1.4477309e+1	-3.3415093e+0
+1.7700000e+1	+0.9496207e+1	+1.1768056e+1	-1.5067271e+1	-5.8980684e+0
+1.7800000e+1	+1.0676195e+1	+1.1374725e+1	-1.8410378e+1	-2.5548730e+0
+1.7900000e+1	+7.9228954e+0	+1.3931378e+1	-1.7033808e+1	-0.9815962e+0
+1.8000000e+1	+7.1362414e+0	+0.9604743e+1	-1.5460580e+1	-2.7515323e+0
+1.8100000e+1	+6.9395781e+0	+1.1571390e+1	-1.8803682e+1	+0.7883465e+0
+1.8200000e+1	+0.8906215e+1	+1.3734713e+1	-1.3297382e+1	-2.1615543e+0
+1.8300000e+1	+4.3829632e+0	+0.9014750e+1	-1.6640501e+1	-0.9815962e+0
+1.8400000e+1	+4.7762876e+0	+1.3734713e+1	-1.4477309e+1	-2.5548730e+0
+1.8500000e+1	+0.8709551e+1	+1.0981396e+1	-1.5460580e+1	+0.1704454e-2
+1.8600000e+1	+6.9395781e+0	+0.9211414e+1	-1.2510762e+1	-3.3415093e+0
+1.8700000e+1	+0.9889536e+1	+6.4581232e+0	-1.6443848e+1	+0.9850072e+0
+1.8800000e+1	+6.3495889e+0	+1.3341380e+1	-1.7623766e+1	-2.7515323e+0
+1.8900000e+1	+7.3329048e+0	+1.0391400e+1	-1.7820419e+1	-3.3415093e+0
+1.9000000e+1	+0.8119559e+1	+0.9801407e+1	-1.4673964e+1	-0.7849362e+0
+1.9100000e+1	+1.0086201e+1	+1.0194736e+1	-1.7230461e+1	+0.5916858e+0
+1.9200000e+1	+6.7429152e+0	+0.9998072e+1	-1.4084001e+1	-1.7682352e+0
+1.9300000e+1	+0.9102879e+1	+1.4521378e+1	-1.4870618e+1	+0.9850072e+0
+1.9400000e+1	+1.0676195e+1	+1.3144714e+1	-1.5853887e+1	-3.7348270e+0
+1.9500000e+1	+0.9692872e+1	+1.2358052e+1	-1.6640501e+1	-1.3749160e+0
+1.9600000e+1	+1.0086201e+1	+0.9998072e+1	-1.5460580e+1	+1.9683120e+0
+1.9700000e+1	+7.9228954e+0	+0.8424758e+1	-1.5853887e+1	-3.5381682e+0
+1.9800000e+1	+6.1529260e+0	+1.1374725e+1	-1.4870618e+1	-1.3749160e+0
+1.9900000e+1	+5.9562631e+0	+0.9211414e+1	-1.5657233e+1	-0.9815962e+0
+2.0000000e+1	+0.8512887e+1	+0.9211414e+1	-1.2510762e+1	-2.3582137e+0
+2.0100000e+1	+7.5295682e+0	+1.2751383e+1	-1.5657233e+1	-3.7348270e+0
+2.0200000e+1	+7.9228954e+0	+1.1374725e+1	-1.5460580e+1	-2.7515323e+0
+2.0300000e+1	+7.7262321e+0	+1.1178061e+1	-1.6247194e+1	-4.1281443e+0
+2.0400000e+1	+1.1462855e+1	+1.1374725e+1	-1.5657233e+1	-1.5715756e+0
+2.0500000e+1	+1.0086201e+1	+1.1374725e+1	-1.6443848e+1	-1.3749160e+0
+2.0600000e+1	+0.8316223e+1	+1.3931378e+1	-1.8607031e+1	+0.3950253e+0
+2.0700000e+1	+7.7262321e+0	+1.0588065e+1	-2.1163506e+1	-1.3749160e+0
+2.0800000e+1	+4.7762876e+0	+0.9408078e+1	-1.7623766e+1	+0.3950253e+0
+2.0900000e+1	+0.8119559e+1	+1.3931378e+1	-1.7033808e+1	+0.7883465e+0
+2.1000000e+1	+6.1529260e+0	+1.3341380e+1	-1.5460580e+1	+1.9683120e+0
+2.1100000e+1	+0.8512887e+1	+0.9801407e+1	-1.5263926e+1	-5.3080945e+0
+2.1200000e+1	+4.1863008e+0	+1.4521378e+1	-1.6837154e+1	+3.7382658e+0
+2.1300000e+1	+0.9496207e+1	+1.3538047e+1	-1.4280655e+1	-4.7181201e+0
+2.1400000e+1	+5.5629377e+0	+1.1374725e+1	-1.8803682e+1	-7.4713287e+0
+2.1500000e+1	+6.5462518e+0	+1.0391400e+1	-1.7427114e+1	-5.5047526e+0
+2.1600000e+1	+5.1696124e+0	+1.1374725e+1	-1.5853887e+1	-2.5548730e+0
+2.1700000e+1	+6.7429152e+0	+0.9211414e+1	-1.5460580e+1	-2.7515323e+0
+2.1800000e+1	+0.8512887e+1	+0.9408078e+1	-1.2904073e+1	-4.5214615e+0
+2.1900000e+1	+1.1069525e+1	+0.9801407e+1	-1.5853887e+1	-3.1448505e+0
+2.2000000e+1	+7.7262321e+0	+7.8347669e+0	-1.8607031e+1	-2.3582137e+0
+2.2100000e+1	+0.8512887e+1	+1.1571390e+1	-1.8607031e+1	-3.9314859e+0
+2.2200000e+1	+7.3329048e+0	+1.2751383e+1	-1.5657233e+1	+0.9850072e+0
+2.2300000e+1	+5.7596002e+0	+1.2751383e+1	-1.9000336e+1	-0.7849362e+0
+2.2400000e+1	+0.9889536e+1	+1.0391400e+1	-1.6640501e+1	-2.5548730e+0
+2.2500000e+1	+0.8119559e+1	+1.3341380e+1	-1.7230461e+1	+0.5916858e+0
+2.2600000e+1	+0.9496207e+1	+1.2948049e+1	-1.5460580e+1	+1.7716509e+0
+2.2700000e+1	+0.9102879e+1	+1.0391400e+1	-1.4870618e+1	-3.9314859e+0
+2.2800000e+1	+0.8316223e+1	+0.9408078e+1	-1.6247194e+1	-4.1281443e+0
+2.2900000e+1	+7.5295682e+0	+0.9014750e+1	-1.3297382e+1	-0.3916160e+0
+2.3000000e+1	+0.9496207e+1	+1.2948049e+1	-1.7033808e+1	-3.9314859e+0
+2.3100000e+1	+5.5629377e+0	+1.0391400e+1	-1.7427114e+1	-1.3749160e+0
+2.3200000e+1	+7.7262321e+0	+1.2751383e+1	-1.6443848e+1	-5.7014108e+0
+2.3300000e+1	+1.1266190e+1	+1.0981396e+1	-1.7820419e+1	-5.1114364e+0
+2.3400000e+1	+0.8316223e+1	+1.0981396e+1	-1.6247194e+1	+0.1983648e+0
+2.3500000e+1	+6.3495889e+0	+1.1571390e+1	-1.4477309e+1	-3.5381682e+0
+2.3600000e+1	+6.7429152e+0	+1.0981396e+1	-1.8803682e+1	-2.7515323e+0
+2.3700000e+1	+6.7429152e+0	+0.9211414e+1	-1.7033808e+1	-5.5047526e+0
+2.3800000e+1	+1.1266190e+1	+1.3144714e+1	-1.8607031e+1	-2.3582137e+0
+2.3900000e+1	+1.1856185e+1	+1.4128045e+1	-2.0966854e+1	-0.1949558e+0
+2.4000000e+1	+1.2052851e+1	+1.1374725e+1	-2.4703218e+1	+3.5416040e+0
+2.4100000e+1	+1.0676195e+1	+1.9831402e+1	-2.8832850e+1	-1.9648948e+0
+2.4200000e+1	+1.4216175e+1	+1.9241396e+1	-2.9422794e+1	-6.4880419e+0
+2.4300000e+1	+1.7559515e+1	+2.4354803e+1	-3.2175858e+1	-2.7515323e+0
+2.4400000e+1	+1.9919533e+1	+2.2388102e+1	-3.1389271e+1	-0.8257957e+1
+2.4500000e+1	+1.8542854e+1	+2.5534828e+1	-3.3355740e+1	-1.7682352e+0
+2.4600000e+1	+1.7952850e+1	+2.6714855e+1	-3.6108780e+1	-4.7181201e+0
+2.4700000e+1	+1.5396174e+1	+2.5928169e+1	-3.0209385e+1	-3.5381682e+0
+2.4800000e+1	+1.2642847e+1	+2.9664938e+1	-3.3552383e+1	-2.5548730e+0
+2.4900000e+1	+1.9329527e+1	+2.5731499e+1	-3.0012737e+1	-1.5715756e+0
+2.5000000e+1	+1.7362846e+1	+2.6714855e+1	-3.3159092e+1	-6.6846995e+0
+2.5100000e+1	+1.7756182e+1	+2.7304871e+1	-3.2765797e+1	-5.7014108e+0
+2.5200000e+1	+1.7559515e+1	+2.6714855e+1	-3.2372505e+1	-4.3248029e+0
+2.5300000e+1	+1.8346186e+1	+2.5141485e+1	-3.0799328e+1	-5.3080945e+0
+2.5400000e+1	+1.3626177e+1	+2.3371450e+1	-3.2175858e+1	-0.8651271e+1
+2.5500000e+1	+1.7559515e+1	+1.9634733e+1	-3.2765797e+1	-6.0947266e+0
+2.5600000e+1	+1.6182842e+1	+2.4551474e+1	-3.1585917e+1	-3.9314859e+0
+2.5700000e+1	+1.6182842e+1	+2.1601423e+1	-3.1389271e+1	-6.4880419e+0
+2.5800000e+1	+1.9132858e+1	+2.3371450e+1	-3.6108780e+1	-4.5214615e+0
+2.5900000e+1	+1.4609508e+1	+2.6911528e+1	-3.2372505e+1	-6.4880419e+0
+2.6000000e+1	+1.3822843e+1	+2.5731499e+1	-3.1585917e+1	-7.2746716e+0
+2.6100000e+1	+1.7952850e+1	+2.8878248e+1	-3.2765797e+1	-7.8646431e+0
+2.6200000e+1	+1.6379509e+1	+2.8878248e+1	-3.1979212e+1	-4.9147782e+0
+2.6300000e+1	+1.3822843e+1	+2.3568121e+1	-3.3749031e+1	-7.6679859e+0
+2.6400000e+1	+1.9526196e+1	+2.2388102e+1	-3.2569153e+1	-4.7181201e+0
+2.6500000e+1	+1.7952850e+1	+2.6124842e+1	-3.0406033e+1	-6.4880419e+0
+2.6600000e+1	+1.3036179e+1	+2.2781441e+1	-3.1979212e+1	-4.1281443e+0
+2.6700000e+1	+1.6772844e+1	+2.3764791e+1	-3.2962444e+1	-0.9241241e+1
+2.6800000e+1	+1.8542854e+1	+2.6911528e+1	-3.4535614e+1	-3.1448505e+0
+2.6900000e+1	+1.3232844e+1	+2.1798092e+1	-3.1782564e+1	-5.7014108e+0
+2.7000000e+1	+2.0902878e+1	+2.7501543e+1	-3.3945675e+1	-5.8980684e+0
+2.7100000e+1	+1.3626177e+1	+2.3371450e+1	-3.3159092e+1	-2.9481914e+0
+2.7200000e+1	+1.5592841e+1	+2.8091558e+1	-2.9816090e+1	-1.5715756e+0
+2.7300000e+1	+1.8346186e+1	+2.6714855e+1	-3.0012737e+1	-4.5214615e+0
+2.7400000e+1	+1.5396174e+1	+2.4748144e+1	-3.5125553e+1	-5.1114364e+0
+2.7500000e+1	+1.6576178e+1	+1.9438065e+1	-3.2175858e+1	-2.1615543e+0
+2.7600000e+1	+1.8542854e+1	+2.5534828e+1	-3.2175858e+1	-7.0780144e+0
+2.7700000e+1	+1.5986176e+1	+2.3568121e+1	-3.0209385e+1	-3.3415093e+0
+2.7800000e+1	+1.5986176e+1	+2.7304871e+1	-3.0012737e+1	-3.1448505e+0
+2.7900000e+1	+1.8542854e+1	+2.4748144e+1	-3.3552383e+1	-3.7348270e+0
+2.8000000e+1	+1.3232844e+1	+2.2978111e+1	-3.2175858e+1	-6.0947266e+0
+2.8100000e+1	+1.7559515e+1	+2.1404753e+1	-3.2372505e+1	-4.7181201e+0
+2.8200000e+1	+1.8936190e+1	+2.7108198e+1	-3.1782564e+1	-6.0947266e+0
+2.8300000e+1	+1.4806174e+1	+2.3961462e+1	-3.1389271e+1	-0.5882762e+0
+2.8400000e+1	+1.8346186e+1	+2.7108198e+1	-3.3159092e+1	-0.9815962e+0
+2.8500000e+1	+1.4019509e+1	+2.5731499e+1	-3.2372505e+1	-7.6679859e+0
+2.8600000e+1	+1.6379509e+1	+2.5534828e+1	-3.2765797e+1	-7.0780144e+0
+2.8700000e+1	+1.5199508e+1	+2.6518185e+1	-3.1782564e+1	-3.7348270e+0
+2.8800000e+1	+1.7362846e+1	+2.7501543e+1	-3.0012737e+1	-0.8257957e+1
+2.8900000e+1	+1.6182842e+1	+2.4944815e+1	-3.2175858e+1	-1.0224522e+1
+2.9000000e+1	+1.5789508e+1	+2.4158133e+1	-3.3749031e+1	-6.0947266e+0
+2.9100000e+1	+1.8739523e+1	+2.3764791e+1	-3.4338970e+1	-5.7014108e+0
+2.9200000e+1	+1.7756182e+1	+2.4944815e+1	-3.1389271e+1	-3.1448505e+0
+2.9300000e+1	+1.5396174e+1	+2.3174780e+1	-3.1192623e+1	-6.2913842e+0
+2.9400000e+1	+1.7362846e+1	+2.3568121e+1	-3.1979212e+1	-6.0947266e+0
+2.9500000e+1	+1.5592841e+1	+2.4551474e+1	-3.0209385e+1	-2.5548730e+0
+2.9600000e+1	+1.9329527e+1	+2.1798092e+1	-3.0012737e+1	-7.2746716e+0
+2.9700000e+1	+1.7166180e+1	+1.7471384e+1	-3.1192623e+1	-1.0814489e+1
+2.9800000e+1	+1.5986176e+1	+2.4158133e+1	-2.9029499e+1	-4.9147782e+0
+2.9900000e+1	+1.9329527e+1	+2.4944815e+1	-3.2765797e+1	-5.5047526e+0
+3.0000000e+1	+1.5396174e+1	+2.4354803e+1	-3.3159092e+1	-3.9314859e+0
+3.0100000e+1	+1.6772844e+1	+2.3371450e+1	-3.3355740e+1	-3.3415093e+0
+3.0200000e+1	+1.6576178e+1	+2.7501543e+1	-3.4535614e+1	-2.5548730e+0
+3.0300000e+1	+1.5986176e+1	+2.4944815e+1	-3.0012737e+1	-0.8061300e+1
+3.0400000e+1	+1.4609508e+1	+2.5338156e+1	-3.0406033e+1	-6.2913842e+0
+3.0500000e+1	+1.6576178e+1	+2.7108198e+1	-2.9422794e+1	-7.0780144e+0
+3.0600000e+1	+1.7952850e+1	+2.7304871e+1	-3.2372505e+1	-1.1994423e+1
+3.0700000e+1	+1.6576178e+1	+2.4944815e+1	-3.2765797e+1	-0.9044583e+1
+3.0800000e+1	+1.9919533e+1	+2.4158133e+1	-3.1192623e+1	-7.8646431e+0
+3.0900000e+1	+1.9919533e+1	+2.4158133e+1	-3.3749031e+1	-0.8454614e+1
+3.1000000e+1	+1.6379509e+1	+2.7304871e+1	-2.9619442e+1	-6.0947266e+0
+3.1100000e+1	+1.9329527e+1	+2.4748144e+1	-3.2372505e+1	-6.8813567e+0
+3.1200000e+1	+1.4806174e+1	+2.5731499e+1	-3.0012737e+1	-1.5715756e+0
+3.1300000e+1	+1.5199508e+1	+2.6321512e+1	-3.2372505e+1	-5.8980684e+0
+3.1400000e+1	+1.5592841e+1	+2.4158133e+1	-3.1389271e+1	-3.9314859e+0
+3.1500000e+1	+1.7166180e+1	+2.1404753e+1	-3.2372505e+1	-3.7348270e+0
+3.1600000e+1	+1.6969511e+1	+2.2191431e+1	-3.5125553e+1	-4.5214615e+0
+3.1700000e+1	+1.6379509e+1	+2.6714855e+1	-3.3749031e+1	-0.8454614e+1
+3.1800000e+1	+1.9329527e+1	+2.5731499e+1	-3.4732262e+1	-3.9314859e+0
+3.1900000e+1	+2.0116201e+1	+2.3174780e+1	-3.2569153e+1	-6.0947266e+0
+3.2000000e+1	+1.7166180e+1	+2.1011415e+1	-3.0995975e+1	-4.9147782e+0
+3.2100000e+1	+1.6576178e+1	+2.4944815e+1	-3.2372505e+1	-4.7181201e+0
+3.2200000e+1	+1.6576178e+1	+2.6124842e+1	-3.1192623e+1	-5.5047526e+0
+3.2300000e+1	+1.4609508e+1	+2.3961462e+1	-3.2569153e+1	-6.8813567e+0
+3.2400000e+1	+1.7362846e+1	+2.4354803e+1	-3.2765797e+1	-2.9481914e+0
+3.2500000e+1	+1.4806174e+1	+2.5928169e+1	-3.1585917e+1	-2.5548730e+0
+3.2600000e+1	+1.5396174e+1	+2.7894886e+1	-3.2175858e+1	-6.0947266e+0
+3.2700000e+1	+1.7952850e+1	+2.2584770e+1	-3.3945675e+1	-7.4713287e+0
+3.2800000e+1	+1.8936190e+1	+2.5141485e+1	-3.4928905e+1	-3.3415093e+0
+3.2900000e+1	+1.5986176e+1	+2.5338156e+1	-3.4732262e+1	-5.5047526e+0
+3.3000000e+1	+1.7362846e+1	+2.5338156e+1	-3.5125553e+1	-4.5214615e+0
+3.3100000e+1	+1.8936190e+1	+2.4944815e+1	-3.3552383e+1	-7.4713287e+0
+3.3200000e+1	+1.6182842e+1	+2.3371450e+1	-3.3355740e+1	-5.8980684e+0
+3.3300000e+1	+1.5199508e+1	+2.3174780e+1	-3.1192623e+1	-4.5214615e+0
+3.3400000e+1	+1.7559515e+1	+2.5928169e+1	-3.2175858e+1	-5.8980684e+0
+3.3500000e+1	+1.6772844e+1	+2.3764791e+1	-3.2569153e+1	-5.8980684e+0
+3.3600000e+1	+1.4806174e+1	+2.4158133e+1	-3.3945675e+1	-0.8454614e+1
+3.3700000e+1	+1.3626177e+1	+2.3961462e+1	-3.5125553e+1	-7.6679859e+0
+3.3800000e+1	+1.7166180e+1	+2.5928169e+1	-3.2765797e+1	-0.5882762e+0
+3.3900000e+1	+1.7952850e+1	+2.7108198e+1	-3.2765797e+1	-4.5214615e+0
+3.4000000e+1	+1.5592841e+1	+2.6321512e+1	-3.2765797e+1	-6.2913842e+0
+3.4100000e+1	+1.7952850e+1	+2.5141485e+1	-3.2372505e+1	-3.5381682e+0
+3.4200000e+1	+1.6772844e+1	+2.2388102e+1	-3.1389271e+1	-7.8646431e+0
+3.4300000e+1	+1.4806174e+1	+2.7894886e+1	-3.1979212e+1	-3.5381682e+0
+3.4400000e+1	+1.6969511e+1	+2.5141485e+1	-2.9226147e+1	-4.5214615e+0
+3.4500000e+1	+1.8542854e+1	+2.5534828e+1	-3.6305424e+1	-4.7181201e+0
+3.4600000e+1	+1.5592841e+1	+2.5534828e+1	-3.6108780e+1	-4.7181201e+0
+3.4700000e+1	+1.6576178e+1	+2.6124842e+1	-2.9816090e+1	-1.0224522e+1
+3.4800000e+1	+1.7756182e+1	+2.4748144e+1	-3.0799328e+1	-7.4713287e+0
+3.4900000e+1	+1.4412842e+1	+2.3961462e+1	-3.1389271e+1	-4.1281443e+0
+3.5000000e+1	+1.6182842e+1	+2.2388102e+1	-3.2569153e+1	-4.5214615e+0
+3.5100000e+1	+1.9722864e+1	+2.4551474e+1	-3.4338970e+1	-4.7181201e+0
+3.5200000e+1	+1.3626177e+1	+2.5141485e+1	-3.5322197e+1	-4.1281443e+0
+3.5300000e+1	+1.6576178e+1	+2.5338156e+1	-3.2372505e+1	-2.7515323e+0
+3.5400000e+1	+1.9329527e+1	+2.4944815e+1	-3.0799328e+1	-3.5381682e+0
+3.5500000e+1	+1.8346186e+1	+2.6124842e+1	-3.1585917e+1	-5.3080945e+0
+3.5600000e+1	+1.8346186e+1	+2.3174780e+1	-3.2372505e+1	-4.9147782e+0
+3.5700000e+1	+1.5789508e+1	+1.9831402e+1	-3.1389271e+1	-2.5548730e+0
+3.5800000e+1	+1.9526196e+1	+2.4551474e+1	-3.4338970e+1	-1.1782562e+0
+3.5900000e+1	+1.7362846e+1	+2.7698214e+1	-3.2372505e+1	-5.1114364e+0
+3.6000000e+1	+1.5396174e+1	+2.1994762e+1	-3.0995975e+1	-2.1615543e+0
+3.6100000e+1	+1.5592841e+1	+2.4354803e+1	-3.3159092e+1	-3.5381682e+0
+3.6200000e+1	+1.3822843e+1	+2.2978111e+1	-2.9422794e+1	+0.1983648e+0
+3.6300000e+1	+1.9132858e+1	+2.5141485e+1	-3.6895359e+1	-3.7348270e+0
+3.6400000e+1	+1.8936190e+1	+3.2221691e+1	-3.6305424e+1	-1.0027865e+1
+3.6500000e+1	+2.0312870e+1	+2.8878248e+1	-3.9451733e+1	-4.7181201e+0
+3.6600000e+1	+2.4836277e+1	+3.1434996e+1	-4.3974518e+1	-3.7348270e+0
+3.6700000e+1	+2.6016302e+1	+3.6941887e+1	-4.9873737e+1	-6.6846995e+0
+3.6800000e+1	+2.4836277e+1	+4.0088711e+1	-4.9480461e+1	-5.3080945e+0
+3.6900000e+1	+2.8769709e+1	+4.5005669e+1	-5.6166157e+1	-1.1994423e+1
+3.7000000e+1	+2.7983019e+1	+4.3432236e+1	-5.4396423e+1	-7.4713287e+0
+3.7100000e+1	+3.0146418e+1	+4.8545906e+1	-5.4986336e+1	-3.9314859e+0
+3.7200000e+1	+3.2309826e+1	+4.4808987e+1	-5.7935883e+1	-1.1404456e+1
+3.7300000e+1	+3.0736437e+1	+4.7365826e+1	-5.8722427e+1	-1.0421178e+1
+3.7400000e+1	+2.9949743e+1	+4.5595707e+1	-6.3834927e+1	-1.0617833e+1
+3.7500000e+1	+3.1129784e+1	+4.2842201e+1	-6.0688782e+1	-7.4713287e+0
+3.7600000e+1	+2.9556398e+1	+4.5399025e+1	-5.9705605e+1	-5.3080945e+0
+3.7700000e+1	+3.1129784e+1	+4.3235558e+1	-5.8919064e+1	-0.9831209e+1
+3.7800000e+1	+3.1129784e+1	+4.4612309e+1	-5.5772884e+1	-1.0421178e+1
+3.7900000e+1	+2.7393003e+1	+4.7562504e+1	-5.8132519e+1	-6.2913842e+0
+3.8000000e+1	+3.0539762e+1	+4.4415630e+1	-5.7739250e+1	-0.9831209e+1
+3.8100000e+1	+3.1523130e+1	+4.5202347e+1	-5.7149342e+1	-5.1114364e+0
+3.8200000e+1	+3.2899845e+1	+4.5989063e+1	-5.6362793e+1	-4.5214615e+0
+3.8300000e+1	+3.5063267e+1	+4.3432236e+1	-5.6559429e+1	-0.8847927e+1
+3.8400000e+1	+2.8179691e+1	+4.6382423e+1	-5.6166157e+1	-5.7014108e+0
+3.8500000e+1	+3.1523130e+1	+4.5595707e+1	-5.6166157e+1	-1.1011145e+1
+3.8600000e+1	+3.2309826e+1	+4.3628914e+1	-5.9312336e+1	-1.3764317e+1
+3.8700000e+1	+2.6802988e+1	+4.4808987e+1	-5.9902241e+1	-1.4354280e+1
+3.8800000e+1	+3.1326456e+1	+4.5989063e+1	-5.4789700e+1	-6.0947266e+0
+3.8900000e+1	+2.9556398e+1	+4.3628914e+1	-5.5379608e+1	-1.0027865e+1
+3.9000000e+1	+3.0933109e+1	+4.5989063e+1	-5.6166157e+1	-1.2584388e+1
+3.9100000e+1	+2.9163054e+1	+4.3825592e+1	-5.7149342e+1	-6.2913842e+0
+3.9200000e+1	+2.6409645e+1	+4.7169144e+1	-6.0688782e+1	-1.0814489e+1
+3.9300000e+1	+3.3686543e+1	+4.4808987e+1	-5.5969521e+1	-1.2781043e+1
+3.9400000e+1	+3.1523130e+1	+4.6972466e+1	-5.6756065e+1	-1.0027865e+1
+3.9500000e+1	+3.4079895e+1	+4.5792385e+1	-5.6362793e+1	-1.1994423e+1
+3.9600000e+1	+2.9753071e+1	+4.4612309e+1	-5.7739250e+1	-6.4880419e+0
+3.9700000e+1	+3.2309826e+1	+4.5595707e+1	-5.4593060e+1	-0.9634553e+1
+3.9800000e+1	+2.9359726e+1	+4.5989063e+1	-6.0295509e+1	-1.0617833e+1
+3.9900000e+1	+3.2309826e+1	+4.5595707e+1	-5.3413235e+1	-7.4713287e+0
+4.0000000e+1	+3.2703175e+1	+4.1072098e+1	-5.5969521e+1	-0.8061300e+1
+4.0100000e+1	+3.1719803e+1	+4.7955864e+1	-5.9115700e+1	-5.5047526e+0
+4.0200000e+1	+2.9556398e+1	+4.5595707e+1	-5.7149342e+1	-5.8980684e+0
+4.0300000e+1	+3.2899845e+1	+4.6185745e+1	-5.6166157e+1	-1.1601111e+1
+4.0400000e+1	+3.2899845e+1	+4.6382423e+1	-5.6166157e+1	-5.1114364e+0
+4.0500000e+1	+2.7196331e+1	+4.7365826e+1	-5.4396423e+1	-6.2913842e+0
+4.0600000e+1	+2.9949743e+1	+4.3038879e+1	-5.9902241e+1	-1.0421178e+1
+4.0700000e+1	+2.7196331e+1	+4.3432236e+1	-5.5576248e+1	-1.0617833e+1
+4.0800000e+1	+2.8769709e+1	+4.5989063e+1	-5.8329155e+1	-1.1797768e+1
+4.0900000e+1	+3.0933109e+1	+4.6972466e+1	-5.6362793e+1	-6.2913842e+0
+4.1000000e+1	+3.1326456e+1	+4.3825592e+1	-5.6756065e+1	-0.9831209e+1
+4.1100000e+1	+3.0736437e+1	+4.2645523e+1	-5.5969521e+1	-1.1207801e+1
+4.1200000e+1	+3.1916477e+1	+4.2645523e+1	-5.8722427e+1	-1.0617833e+1
+4.1300000e+1	+3.0146418e+1	+4.5005669e+1	-5.4593060e+1	-7.8646431e+0
+4.1400000e+1	+3.1326456e+1	+4.4415630e+1	-5.8329155e+1	-0.8061300e+1
+4.1500000e+1	+2.7983019e+1	+4.3825592e+1	-5.8329155e+1	-0.8454614e+1
+4.1600000e+1	+2.7983019e+1	+4.2252167e+1	-5.7542614e+1	-7.4713287e+0
+4.1700000e+1	+3.1523130e+1	+4.5595707e+1	-5.7542614e+1	-0.8061300e+1
+4.1800000e+1	+3.2899845e+1	+4.5399025e+1	-5.7935883e+1	-1.3174353e+1
+4.1900000e+1	+3.0146418e+1	+4.7365826e+1	-5.8919064e+1	-1.3371008e+1
+4.2000000e+1	+3.1719803e+1	+4.3432236e+1	-5.5772884e+1	-1.2781043e+1
+4.2100000e+1	+2.9556398e+1	+4.3628914e+1	-5.4199787e+1	-0.8257957e+1
+4.2200000e+1	+3.2703175e+1	+4.3825592e+1	-5.8919064e+1	-6.0947266e+0
+4.2300000e+1	+3.3489868e+1	+4.3432236e+1	-5.5772884e+1	-6.2913842e+0
+4.2400000e+1	+2.9359726e+1	+4.4218952e+1	-5.9902241e+1	-6.8813567e+0
+4.2500000e+1	+2.5229618e+1	+4.3432236e+1	-5.7542614e+1	-0.8061300e+1
+4.2600000e+1	+3.0736437e+1	+4.5595707e+1	-5.7149342e+1	-1.0224522e+1
+4.2700000e+1	+3.1719803e+1	+4.3825592e+1	-5.7345978e+1	-0.8061300e+1
+4.2800000e+1	+3.1523130e+1	+4.6972466e+1	-5.8919064e+1	-1.1011145e+1
+4.2900000e+1	+3.2506500e+1	+4.5792385e+1	-5.7935883e+1	-6.2913842e+0
+4.3000000e+1	+3.2113152e+1	+4.3038879e+1	-6.1278687e+1	-7.8646431e+0
+4.3100000e+1	+2.9949743e+1	+4.6185745e+1	-5.8919064e+1	-6.2913842e+0
+4.3200000e+1	+3.0736437e+1	+4.6775784e+1	-5.5379608e+1	-1.0027865e+1
+4.3300000e+1	+3.1326456e+1	+4.8742588e+1	-5.7542614e+1	-6.8813567e+0
+4.3400000e+1	+3.3489868e+1	+4.5202347e+1	-6.2065224e+1	-1.0421178e+1
+4.3500000e+1	+3.0343090e+1	+4.4218952e+1	-5.5576248e+1	-0.8454614e+1
+4.3600000e+1	+3.3096519e+1	+4.6775784e+1	-5.5182972e+1	-6.6846995e+0
+4.3700000e+1	+3.0736437e+1	+4.9332630e+1	-5.9115700e+1	-0.8847927e+1
+4.3800000e+1	+2.9753071e+1	+4.6579105e+1	-5.5576248e+1	-7.6679859e+0
+4.3900000e+1	+3.1523130e+1	+4.5399025e+1	-5.6362793e+1	-4.1281443e+0
+4.4000000e+1	+2.9556398e+1	+4.7562504e+1	-5.4199787e+1	-4.1281443e+0
+4.4100000e+1	+3.0146418e+1	+4.4415630e+1	-5.6559429e+1	-1.3567662e+1
+4.4200000e+1	+2.9753071e+1	+4.8939270e+1	-5.5772884e+1	-7.2746716e+0
+4.4300000e+1	+2.9949743e+1	+4.5202347e+1	-5.8329155e+1	-5.1114364e+0
+4.4400000e+1	+3.4866592e+1	+4.5792385e+1	-5.4593060e+1	-0.9241241e+1
+4.4500000e+1	+2.7983019e+1	+4.5005669e+1	-5.2036766e+1	-0.9437897e+1
+4.4600000e+1	+3.0343090e+1	+4.5399025e+1	-5.4789700e+1	-7.0780144e+0
+4.4700000e+1	+3.3489868e+1	+4.2842201e+1	-5.7935883e+1	-7.8646431e+0
+4.4800000e+1	+2.9556398e+1	+4.4022270e+1	-5.8525791e+1	-1.1994423e+1
+4.4900000e+1	+3.1719803e+1	+4.7169144e+1	-5.7739250e+1	-5.3080945e+0
+4.5000000e+1	+2.9359726e+1	+4.6382423e+1	-5.7542614e+1	-0.9241241e+1
+4.5100000e+1	+2.9359726e+1	+4.4808987e+1	-5.8525791e+1	-1.1601111e+1
+4.5200000e+1	+3.3883221e+1	+4.3825592e+1	-5.5576248e+1	-1.1011145e+1
+4.5300000e+1	+3.0539762e+1	+4.4022270e+1	-5.8132519e+1	-7.0780144e+0
+4.5400000e+1	+2.9753071e+1	+4.4415630e+1	-5.3216595e+1	-5.7014108e+0
+4.5500000e+1	+2.9163054e+1	+4.5595707e+1	-5.4593060e+1	-7.6679859e+0
+4.5600000e+1	+3.4669918e+1	+4.6579105e+1	-5.5576248e+1	-1.1011145e+1
+4.5700000e+1	+3.1523130e+1	+4.6185745e+1	-5.5576248e+1	-0.9044583e+1
+4.5800000e+1	+2.8966381e+1	+4.4808987e+1	-5.5576248e+1	-1.3764317e+1
+4.5900000e+1	+2.9359726e+1	+4.6382423e+1	-5.4003147e+1	-6.2913842e+0
+4.6000000e+1	+2.7786346e+1	+4.7562504e+1	-5.6952702e+1	-0.9437897e+1
+4.6100000e+1	+2.8573036e+1	+4.5202347e+1	-5.9115700e+1	-0.9044583e+1
+4.6200000e+1	+3.0539762e+1	+4.3038879e+1	-5.4003147e+1	-6.2913842e+0
+4.6300000e+1	+3.2703175e+1	+4.2055489e+1	-5.8132519e+1	-4.7181201e+0
+4.6400000e+1	+2.6212973e+1	+4.1662132e+1	-5.8132519e+1	-1.1994423e+1
+4.6500000e+1	+2.9949743e+1	+4.2448845e+1	-5.4789700e+1	-1.3174353e+1
+4.6600000e+1	+3.2113152e+1	+4.6972466e+1	-5.9115700e+1	-6.2913842e+0
+4.6700000e+1	+3.3096519e+1	+4.3432236e+1	-5.8132519e+1	-7.6679859e+0
+4.6800000e+1	+3.1326456e+1	+4.5595707e+1	-5.5576248e+1	-1.1011145e+1
+4.6900000e+1	+2.7983019e+1	+4.2448845e+1	-5.7542614e+1	-5.7014108e+0
+4.7000000e+1	+2.9949743e+1	+4.7562504e+1	-5.8919064e+1	-5.3080945e+0
+4.7100000e+1	+3.0343090e+1	+4.3432236e+1	-6.0295509e+1	-0.9634553e+1
+4.7200000e+1	+3.3096519e+1	+4.6185745e+1	-5.9115700e+1	-6.6846995e+0
+4.7300000e+1	+2.8376364e+1	+4.3825592e+1	-5.7149342e+1	-0.9241241e+1
+4.7400000e+1	+3.1719803e+1	+3.9498680e+1	-5.4986336e+1	-1.2191078e+1
+4.7500000e+1	+2.9556398e+1	+4.6579105e+1	-5.7935883e+1	-3.1448505e+0
+4.7600000e+1	+3.1523130e+1	+4.6185745e+1	-5.5379608e+1	-0.9241241e+1
+4.7700000e+1	+3.3489868e+1	+4.2645523e+1	-5.7935883e+1	-1.0617833e+1
+4.7800000e+1	+3.1916477e+1	+4.5792385e+1	-5.3806511e+1	-1.0617833e+1
+4.7900000e+1	+2.9359726e+1	+4.6579105e+1	-5.5772884e+1	-1.0224522e+1
+4.8000000e+1	+2.8966381e+1	+4.4808987e+1	-5.8329155e+1	-1.3960972e+1
+4.8100000e+1	+3.1719803e+1	+4.2252167e+1	-5.8132519e+1	-1.3371008e+1
+4.8200000e+1	+3.2309826e+1	+4.5005669e+1	-5.5576248e+1	-6.6846995e+0
+4.8300000e+1	+3.0146418e+1	+4.2842201e+1	-5.8329155e+1	-0.8651271e+1
+4.8400000e+1	+3.0146418e+1	+4.4612309e+1	-5.8919064e+1	-6.6846995e+0
+4.8500000e+1	+3.2506500e+1	+4.0678745e+1	-6.0295509e+1	-0.9437897e+1
+4.8600000e+1	+3.1326456e+1	+4.1268776e+1	-5.5379608e+1	-6.8813567e+0
+4.8700000e+1	+3.2309826e+1	+4.7955864e+1	-6.1868587e+1	-3.7348270e+0
+4.8800000e+1	+3.4276569e+1	+4.9922672e+1	-0.6521136e+2	-1.3371008e+1
+4.8900000e+1	+3.8603432e+1	+5.3856316e+1	-6.1868587e+1	-1.1994423e+1
+4.9000000e+1	+3.3883221e+1	+5.0709400e+1	-0.6540800e+2	-1.5927512e+1
+4.9100000e+1	+3.5456619e+1	+5.0512718e+1	-0.6639116e+2	-0.9044583e+1
+4.9200000e+1	+3.6439995e+1	+5.5233101e+1	-0.6914400e+2	-1.1994423e+1
+4.9300000e+1	+3.8996784e+1	+5.4839733e+1	-0.6875074e+2	-1.3960972e+1
+4.9400000e+1	+3.8603432e+1	+5.7396622e+1	-0.6816084e+2	-1.0224522e+1
+4.9500000e+1	+3.8210079e+1	+5.7593307e+1	-0.6973389e+2	-7.6679859e+0
+4.9600000e+1	+3.8996784e+1	+5.6609886e+1	-0.7150357e+2	-1.1207801e+1
+4.9700000e+1	+3.9193462e+1	+5.6216518e+1	-0.6894737e+2	-0.9634553e+1
+4.9800000e+1	+3.7226700e+1	+5.2086174e+1	-0.7091368e+2	-1.0617833e+1
+4.9900000e+1	+3.9390141e+1	+5.3266270e+1	-0.6993053e+2	-7.2746716e+0
+5.0000000e+1	+3.9193462e+1	+5.9756844e+1	-0.7366650e+2	-6.6846995e+0
+5.0100000e+1	+3.8406757e+1	+5.3659634e+1	-0.6875074e+2	-1.2584388e+1
+5.0200000e+1	+3.8210079e+1	+5.5823151e+1	-0.6894737e+2	-0.8454614e+1
+5.0300000e+1	+3.7620049e+1	+5.4249683e+1	-0.6816084e+2	-1.1207801e+1
+5.0400000e+1	+3.9193462e+1	+5.6609886e+1	-0.7111031e+2	-1.1207801e+1
+5.0500000e+1	+3.8210079e+1	+5.6019833e+1	-0.7111031e+2	-1.1994423e+1
+5.0600000e+1	+3.7030022e+1	+5.5823151e+1	-0.6796421e+2	-1.2387733e+1
+5.0700000e+1	+3.5063267e+1	+5.7593307e+1	-0.7032379e+2	-1.2584388e+1
+5.0800000e+1	+3.8013401e+1	+5.7789993e+1	-0.7170020e+2	-1.0617833e+1
+5.0900000e+1	+3.8996784e+1	+5.7789993e+1	-0.6776759e+2	-1.4550935e+1
+5.1000000e+1	+3.7030022e+1	+5.5429783e+1	-0.7268335e+2	-1.2781043e+1
+5.1100000e+1	+3.9193462e+1	+5.7199940e+1	-0.7189684e+2	-1.0617833e+1
+5.1200000e+1	+3.8603432e+1	+5.5429783e+1	-0.6875074e+2	-1.1994423e+1
+5.1300000e+1	+4.1356911e+1	+5.3659634e+1	-0.6717769e+2	-1.0617833e+1
+5.1400000e+1	+3.7816727e+1	+5.4249683e+1	-0.6717769e+2	-1.2977698e+1
+5.1500000e+1	+3.8406757e+1	+5.4446365e+1	-0.7150357e+2	-1.0617833e+1
+5.1600000e+1	+3.7423374e+1	+5.5233101e+1	-0.6894737e+2	-1.5730859e+1
+5.1700000e+1	+3.8406757e+1	+5.5626465e+1	-0.7150357e+2	-0.9831209e+1
+5.1800000e+1	+3.8996784e+1	+5.7789993e+1	-0.7229009e+2	-1.6714127e+1
+5.1900000e+1	+4.0176846e+1	+5.6609886e+1	-0.7032379e+2	-1.1207801e+1
+5.2000000e+1	+3.8210079e+1	+5.6216518e+1	-0.7052042e+2	-1.3174353e+1
+5.2100000e+1	+3.8603432e+1	+5.8183361e+1	-0.7012716e+2	-0.8847927e+1
+5.2200000e+1	+3.6243320e+1	+5.2676220e+1	-0.6993053e+2	-1.0814489e+1
+5.2300000e+1	+3.9783493e+1	+5.6413200e+1	-0.7229009e+2	-1.0421178e+1
+5.2400000e+1	+3.9390141e+1	+5.6413200e+1	-0.6816084e+2	-1.0814489e+1
+5.2500000e+1	+4.0963558e+1	+5.8183361e+1	-0.7111031e+2	-1.8090698e+1
+5.2600000e+1	+3.9586815e+1	+5.5036415e+1	-0.6973389e+2	-0.8257957e+1
+5.2700000e+1	+3.7620049e+1	+5.4839733e+1	-0.6953726e+2	-1.0224522e+1
+5.2800000e+1	+3.6243320e+1	+5.7396622e+1	-0.6894737e+2	-1.6714127e+1
+5.2900000e+1	+3.7423374e+1	+5.3659634e+1	-0.6835748e+2	-0.9634553e+1
+5.3000000e+1	+3.5653294e+1	+5.7396622e+1	-0.6914400e+2	-1.4747589e+1
+5.3100000e+1	+3.8996784e+1	+5.3462952e+1	-0.7052042e+2	-1.6910780e+1
+5.3200000e+1	+4.0766880e+1	+5.7396622e+1	-0.6855411e+2	-1.2191078e+1
+5.3300000e+1	+3.8603432e+1	+5.7199940e+1	-0.6855411e+2	-1.1011145e+1
+5.3400000e+1	+3.8406757e+1	+5.2676220e+1	-0.7327324e+2	-1.4354280e+1
+5.3500000e+1	+4.0373524e+1	+5.5429783e+1	-0.6776759e+2	-1.2387733e+1
+5.3600000e+1	+3.7030022e+1	+5.2479538e+1	-0.7307661e+2	-1.3371008e+1
+5.3700000e+1	+3.8406757e+1	+5.5823151e+1	-0.6953726e+2	-1.8090698e+1
+5.3800000e+1	+3.8210079e+1	+5.3856316e+1	-0.6757095e+2	-1.0617833e+1
+5.3900000e+1	+4.0373524e+1	+5.5429783e+1	-0.7209346e+2	-2.0057220e+1
+5.4000000e+1	+3.8800110e+1	+5.5429783e+1	-0.7012716e+2	-1.5140897e+1
+5.4100000e+1	+3.8210079e+1	+5.5233101e+1	-0.6973389e+2	-1.0617833e+1
+5.4200000e+1	+4.0176846e+1	+5.5823151e+1	-0.6993053e+2	-0.8454614e+1
+5.4300000e+1	+3.8406757e+1	+5.9166786e+1	-0.6953726e+2	-1.0814489e+1
+5.4400000e+1	+3.9586815e+1	+5.4052998e+1	-0.7111031e+2	-1.4944242e+1
+5.4500000e+1	+3.9390141e+1	+5.6216518e+1	-0.7130695e+2	-1.3764317e+1
+5.4600000e+1	+4.1356911e+1	+5.7396622e+1	-0.6717769e+2	-0.9831209e+1
+5.4700000e+1	+3.8013401e+1	+5.6609886e+1	-0.7032379e+2	-0.9437897e+1
+5.4800000e+1	+4.0373524e+1	+5.4249683e+1	-0.6993053e+2	-1.3764317e+1
+5.4900000e+1	+3.9783493e+1	+5.7789993e+1	-0.7170020e+2	-1.0027865e+1
+5.5000000e+1	+4.0963558e+1	+5.3069584e+1	-0.7229009e+2	-1.1404456e+1
+5.5100000e+1	+4.0766880e+1	+5.6609886e+1	-0.6875074e+2	-1.1207801e+1
+5.5200000e+1	+3.9193462e+1	+5.4446365e+1	-0.6875074e+2	-1.4944242e+1
+5.5300000e+1	+3.9193462e+1	+5.3462952e+1	-0.7052042e+2	-1.1207801e+1
+5.5400000e+1	+3.9193462e+1	+5.5429783e+1	-0.6894737e+2	-1.2781043e+1
+5.5500000e+1	+3.9783493e+1	+5.6019833e+1	-0.7150357e+2	-1.4747589e+1
+5.5600000e+1	+3.9783493e+1	+5.4643047e+1	-0.7170020e+2	-1.0224522e+1
+5.5700000e+1	+3.8406757e+1	+5.5626465e+1	-0.7130695e+2	-1.4944242e+1
+5.5800000e+1	+3.6833347e+1	+5.7003254e+1	-0.6816084e+2	-1.4157626e+1
+5.5900000e+1	+3.7030022e+1	+5.7396622e+1	-0.6835748e+2	-1.3764317e+1
+5.6000000e+1	+3.8800110e+1	+5.7396622e+1	-0.7032379e+2	-1.4747589e+1
+5.6100000e+1	+3.9390141e+1	+5.4446365e+1	-0.7071705e+2	-1.0617833e+1
+5.6200000e+1	+4.0766880e+1	+5.6019833e+1	-0.6973389e+2	-1.0814489e+1
+5.6300000e+1	+4.0570202e+1	+5.6216518e+1	-0.6934064e+2	-1.1011145e+1
+5.6400000e+1	+3.7226700e+1	+5.6609886e+1	-0.6914400e+2	-0.9634553e+1
+5.6500000e+1	+3.9980171e+1	+5.4052998e+1	-0.6816084e+2	-1.3764317e+1
+5.6600000e+1	+3.6636669e+1	+5.8576733e+1	-0.6796421e+2	-1.0421178e+1
+5.6700000e+1	+3.8406757e+1	+5.2872902e+1	-0.6816084e+2	-0.9044583e+1
+5.6800000e+1	+3.8210079e+1	+6.0150211e+1	-0.7111031e+2	-1.2387733e+1
+5.6900000e+1	+4.3520370e+1	+5.7003254e+1	-0.6934064e+2	-1.4747589e+1
+5.7000000e+1	+3.7816727e+1	+5.6806568e+1	-0.6776759e+2	-1.1797768e+1
+5.7100000e+1	+3.9783493e+1	+5.8576733e+1	-0.6934064e+2	-1.2584388e+1
+5.7200000e+1	+3.7816727e+1	+5.6609886e+1	-0.7012716e+2	-1.2584388e+1
+5.7300000e+1	+3.9980171e+1	+5.5626465e+1	-0.6894737e+2	-1.4157626e+1
+5.7400000e+1	+3.9586815e+1	+5.6413200e+1	-0.7130695e+2	-1.2584388e+1
+5.7500000e+1	+3.7816727e+1	+5.6609886e+1	-0.7130695e+2	-1.0814489e+1
+5.7600000e+1	+4.1356911e+1	+5.6216518e+1	-0.7130695e+2	-1.1601111e+1
+5.7700000e+1	+3.8603432e+1	+5.5429783e+1	-0.7111031e+2	-1.3567662e+1
+5.7800000e+1	+3.9783493e+1	+5.4839733e+1	-0.6560463e+2	-1.4944242e+1
+5.7900000e+1	+4.3913731e+1	+5.6413200e+1	-0.7052042e+2	-0.8061300e+1
+5.8000000e+1	+3.8603432e+1	+5.7593307e+1	-0.7209346e+2	-1.3567662e+1
+5.8100000e+1	+4.0373524e+1	+5.6413200e+1	-0.7071705e+2	-1.5927512e+1
+5.8200000e+1	+4.1750267e+1	+5.7986675e+1	-0.7052042e+2	-1.2584388e+1
+5.8300000e+1	+3.8406757e+1	+5.6609886e+1	-0.7170020e+2	-0.9044583e+1
+5.8400000e+1	+3.7226700e+1	+5.5233101e+1	-0.7248672e+2	-1.1994423e+1
+5.8500000e+1	+3.7620049e+1	+5.3659634e+1	-0.6894737e+2	-1.1601111e+1
+5.8600000e+1	+3.9586815e+1	+5.5429783e+1	-0.7032379e+2	-1.3174353e+1
+5.8700000e+1	+4.0766880e+1	+5.7396622e+1	-0.7032379e+2	-0.9241241e+1
+5.8800000e+1	+3.6243320e+1	+5.9953529e+1	-0.6560463e+2	-1.1011145e+1
+5.8900000e+1	+4.2536980e+1	+5.3266270e+1	-0.6639116e+2	-0.9044583e+1
+5.9000000e+1	+4.1946945e+1	+5.9756844e+1	-0.6717769e+2	-1.2977698e+1
+5.9100000e+1	+4.5290482e+1	+5.9363472e+1	-0.6619453e+2	-1.6517473e+1
+5.9200000e+1	+3.7423374e+1	+5.8576733e+1	-0.6953726e+2	-1.1011145e+1
+5.9300000e+1	+3.8996784e+1	+5.7199940e+1	-0.7464965e+2	-1.1601111e+1
+5.9400000e+1	+3.6243320e+1	+5.9953529e+1	-0.6796421e+2	-1.3764317e+1
+5.9500000e+1	+3.9586815e+1	+5.9363472e+1	-0.7307661e+2	-1.0814489e+1
+5.9600000e+1	+3.8996784e+1	+5.5626465e+1	-0.6894737e+2	-1.4354280e+1
+5.9700000e+1	+4.0766880e+1	+5.8380047e+1	-0.7032379e+2	-1.5730859e+1
+5.9800000e+1	+4.1356911e+1	+5.7789993e+1	-0.6855411e+2	-1.6124166e+1
+5.9900000e+1	+4.0963558e+1	+5.3462952e+1	-0.7012716e+2	-1.3371008e+1
+6.0000000e+1	+4.1750267e+1	+5.7789993e+1	-0.6835748e+2	-1.3371008e+1
+6.0100000e+1	+3.6833347e+1	+5.5036415e+1	-0.6973389e+2	-0.9634553e+1
+6.0200000e+1	+3.7816727e+1	+5.4643047e+1	-0.6678442e+2	-1.4354280e+1
+6.0300000e+1	+3.9586815e+1	+5.6609886e+1	-0.7209346e+2	-1.0617833e+1
+6.0400000e+1	+3.8406757e+1	+5.6019833e+1	-0.7012716e+2	-1.0421178e+1
+6.0500000e+1	+3.7423374e+1	+5.8380047e+1	-0.7012716e+2	-1.6714127e+1
+6.0600000e+1	+3.5849968e+1	+5.5233101e+1	-0.7111031e+2	-1.3567662e+1
+6.0700000e+1	+3.7620049e+1	+5.7396622e+1	-0.6875074e+2	-1.2387733e+1
+6.0800000e+1	+4.2930336e+1	+5.6413200e+1	-0.7268335e+2	-1.1011145e+1
+6.0900000e+1	+3.9783493e+1	+5.3462952e+1	-0.6973389e+2	-6.4880419e+0
+6.1000000e+1	+3.4866592e+1	+5.7396622e+1	-0.7268335e+2	-6.4880419e+0
+6.1100000e+1	+4.0373524e+1	+5.6806568e+1	-0.6894737e+2	-1.0814489e+1
+6.1200000e+1	+3.8996784e+1	+6.2313759e+1	-0.7111031e+2	-1.5730859e+1
+6.1300000e+1	+3.7816727e+1	+5.3856316e+1	-0.6993053e+2	-0.9241241e+1
+6.1400000e+1	+3.6046642e+1	+5.4249683e+1	-0.6894737e+2	-1.6714127e+1
+6.1500000e+1	+3.7030022e+1	+5.8773415e+1	-0.6934064e+2	-1.4354280e+1
+6.1600000e+1	+4.0766880e+1	+5.4249683e+1	-0.7327324e+2	-1.0421178e+1
+6.1700000e+1	+3.7816727e+1	+5.6413200e+1	-0.6914400e+2	-1.2977698e+1
+6.1800000e+1	+3.5653294e+1	+5.4643047e+1	-0.6776759e+2	-1.1011145e+1
+6.1900000e+1	+3.9193462e+1	+5.4052998e+1	-0.6658779e+2	-1.0814489e+1
+6.2000000e+1	+3.3883221e+1	+4.6382423e+1	-5.9115700e+1	-1.5140897e+1
+6.2100000e+1	+2.8769709e+1	+4.8939270e+1	-5.7935883e+1	-1.4157626e+1
+6.2200000e+1	+2.8179691e+1	+4.5989063e+1	-5.7935883e+1	-1.3174353e+1
+6.2300000e+1	+3.5063267e+1	+4.8742588e+1	-6.2261856e+1	-1.0617833e+1
+6.2400000e+1	+3.0539762e+1	+4.5202347e+1	-5.8132519e+1	-7.8646431e+0
+6.2500000e+1	+2.8573036e+1	+4.6382423e+1	-5.7739250e+1	-1.5337551e+1
+6.2600000e+1	+2.8573036e+1	+4.4022270e+1	-6.1475319e+1	-4.5214615e+0
+6.2700000e+1	+2.9359726e+1	+4.7365826e+1	-6.0688782e+1	-0.9044583e+1
+6.2800000e+1	+2.8966381e+1	+4.5989063e+1	-5.9902241e+1	-7.8646431e+0
+6.2900000e+1	+2.9556398e+1	+4.4022270e+1	-5.3413235e+1	-0.9831209e+1
+6.3000000e+1	+3.1719803e+1	+4.5005669e+1	-5.8329155e+1	-1.3764317e+1
+6.3100000e+1	+2.8966381e+1	+4.3825592e+1	-5.9508968e+1	-7.6679859e+0
+6.3200000e+1	+3.5456619e+1	+4.2645523e+1	-5.7345978e+1	-1.1797768e+1
+6.3300000e+1	+2.9556398e+1	+4.2448845e+1	-5.9312336e+1	-0.8257957e+1
+6.3400000e+1	+3.1326456e+1	+4.4808987e+1	-5.8722427e+1	-4.7181201e+0
+6.3500000e+1	+3.2309826e+1	+4.4415630e+1	-5.5969521e+1	-1.2781043e+1
+6.3600000e+1	+2.7589676e+1	+4.5005669e+1	-5.6362793e+1	-1.4157626e+1
+6.3700000e+1	+3.0146418e+1	+4.3825592e+1	-5.6756065e+1	-1.2191078e+1
+6.3800000e+1	+2.7983019e+1	+4.6579105e+1	-5.8919064e+1	-1.1601111e+1
+6.3900000e+1	+2.9163054e+1	+4.3825592e+1	-5.6559429e+1	-1.0814489e+1
+0.6400000e+2	+3.2309826e+1	+4.8545906e+1	-5.4789700e+1	-1.1601111e+1
+0.6410000e+2	+2.9359726e+1	+4.5595707e+1	-5.5969521e+1	-0.8454614e+1
+0.6420000e+2	+2.9949743e+1	+4.5989063e+1	-5.8329155e+1	-1.2977698e+1
+0.6430000e+2	+3.1326456e+1	+4.3825592e+1	-5.6952702e+1	-4.7181201e+0
+0.6440000e+2	+3.1523130e+1	+4.5399025e+1	-5.4593060e+1	-5.3080945e+0
+0.6450000e+2	+3.1523130e+1	+4.3432236e+1	-5.5576248e+1	-6.6846995e+0
+0.6460000e+2	+2.9359726e+1	+4.3432236e+1	-5.7345978e+1	-1.4944242e+1
+0.6470000e+2	+2.8966381e+1	+4.3432236e+1	-5.5182972e+1	-1.6124166e+1
+0.6480000e+2	+3.1326456e+1	+4.3235558e+1	-5.7345978e+1	-3.3415093e+0
+0.6490000e+2	+2.8376364e+1	+4.7169144e+1	-5.7345978e+1	-1.0421178e+1
+0.6500000e+2	+3.1326456e+1	+4.4415630e+1	-5.9115700e+1	-4.3248029e+0
+0.6510000e+2	+3.0933109e+1	+4.5005669e+1	-5.5182972e+1	-1.7304085e+1
+0.6520000e+2	+3.1916477e+1	+4.7562504e+1	-5.6756065e+1	-0.9831209e+1
+0.6530000e+2	+2.8573036e+1	+4.5399025e+1	-5.6952702e+1	-0.9634553e+1
+0.6540000e+2	+3.2506500e+1	+4.4808987e+1	-5.4593060e+1	-0.8257957e+1
+0.6550000e+2	+3.0539762e+1	+4.3038879e+1	-5.9115700e+1	-1.0224522e+1
+0.6560000e+2	+2.6999660e+1	+4.2645523e+1	-5.8525791e+1	-1.0421178e+1
+0.6570000e+2	+3.0146418e+1	+4.6382423e+1	-5.8132519e+1	-0.8454614e+1
+0.6580000e+2	+3.0343090e+1	+4.5005669e+1	-5.9115700e+1	-0.8651271e+1
+0.6590000e+2	+2.8376364e+1	+4.6382423e+1	-5.7542614e+1	-5.5047526e+0
+0.6600000e+2	+2.9163054e+1	+4.7955864e+1	-5.4789700e+1	-1.0617833e+1
+0.6610000e+2	+3.0736437e+1	+4.6579105e+1	-5.5379608e+1	-0.9044583e+1
+0.6620000e+2	+3.2899845e+1	+4.4612309e+1	-5.8525791e+1	-1.1994423e+1
+0.6630000e+2	+2.6999660e+1	+4.4808987e+1	-5.8329155e+1	-0.8061300e+1
+0.6640000e+2	+3.1523130e+1	+4.7169144e+1	-5.9508968e+1	-1.2387733e+1
+0.6650000e+2	+3.2113152e+1	+4.3235558e+1	-5.7149342e+1	-1.0814489e+1
+0.6660000e+2	+3.1523130e+1	+4.6382423e+1	-5.4789700e+1	-1.0421178e+1
+0.6670000e+2	+3.0736437e+1	+4.4415630e+1	-5.4789700e+1	-1.1601111e+1
+0.6680000e+2	+2.6999660e+1	+4.3825592e+1	-5.9115700e+1	-0.9634553e+1
+0.6690000e+2	+3.2703175e+1	+4.5202347e+1	-5.7542614e+1	-0.9241241e+1
+0.6700000e+2	+3.0539762e+1	+4.5202347e+1	-5.6362793e+1	-1.2584388e+1
+0.6710000e+2	+2.8179691e+1	+4.5202347e+1	-5.5576248e+1	-0.8651271e+1
+0.6720000e+2	+3.1326456e+1	+4.6185745e+1	-5.8722427e+1	-7.2746716e+0
+0.6730000e+2	+3.2309826e+1	+4.5595707e+1	-5.4003147e+1	-0.9634553e+1
+0.6740000e+2	+3.2506500e+1	+4.4612309e+1	-5.8329155e+1	-1.2781043e+1
+0.6750000e+2	+3.2899845e+1	+4.5792385e+1	-5.6952702e+1	-0.9831209e+1
+0.6760000e+2	+3.3686543e+1	+4.3628914e+1	-5.7345978e+1	-1.1994423e+1
+0.6770000e+2	+3.0736437e+1	+4.6185745e+1	-5.8329155e+1	-1.0814489e+1
+0.6780000e+2	+3.2899845e+1	+4.5005669e+1	-5.8919064e+1	-7.8646431e+0
+0.6790000e+2	+2.9949743e+1	+4.5399025e+1	-5.3413235e+1	-7.0780144e+0
+0.6800000e+2	+2.7393003e+1	+4.3825592e+1	-5.6166157e+1	-7.6679859e+0
+0.6810000e+2	+3.2113152e+1	+4.4808987e+1	-5.6756065e+1	-0.9831209e+1
+0.6820000e+2	+3.2113152e+1	+4.8545906e+1	-5.9902241e+1	-6.2913842e+0
+0.6830000e+2	+3.1326456e+1	+4.5399025e+1	-5.5772884e+1	-0.9634553e+1
+0.6840000e+2	+3.2113152e+1	+4.4415630e+1	-5.5182972e+1	-0.9044583e+1
+0.6850000e+2	+2.8966381e+1	+4.3825592e+1	-5.8525791e+1	-1.0421178e+1
+0.6860000e+2	+3.3293194e+1	+4.4415630e+1	-5.7935883e+1	-7.2746716e+0
+0.6870000e+2	+2.9949743e+1	+4.4612309e+1	-5.6952702e+1	-0.8847927e+1
+0.6880000e+2	+2.8179691e+1	+4.6972466e+1	-5.8329155e+1	-1.4354280e+1
+0.6890000e+2	+3.2703175e+1	+4.6382423e+1	-5.6756065e+1	-0.8061300e+1
+0.6900000e+2	+3.1326456e+1	+4.7169144e+1	-5.5182972e+1	-0.9437897e+1
+0.6910000e+2	+2.8769709e+1	+4.5595707e+1	-5.5772884e+1	-1.0224522e+1
+0.6920000e+2	+3.3489868e+1	+4.4415630e+1	-5.4003147e+1	-1.0224522e+1
+0.6930000e+2	+2.9949743e+1	+4.6972466e+1	-5.3609871e+1	-0.8061300e+1
+0.6940000e+2	+2.8376364e+1	+4.6775784e+1	-5.7149342e+1	-6.4880419e+0
+0.6950000e+2	+3.2899845e+1	+4.6579105e+1	-5.6559429e+1	-1.1404456e+1
+0.6960000e+2	+2.9949743e+1	+4.5595707e+1	-5.7542614e+1	-1.2584388e+1
+0.6970000e+2	+3.1129784e+1	+4.6382423e+1	-5.3806511e+1	-7.2746716e+0
+0.6980000e+2	+3.3096519e+1	+4.7759186e+1	-5.4199787e+1	-0.9831209e+1
+0.6990000e+2	+3.0343090e+1	+4.3432236e+1	-5.8722427e+1	-0.9044583e+1
+0.7000000e+2	+2.9753071e+1	+4.4022270e+1	-5.5772884e+1	-5.7014108e+0
+0.7010000e+2	+2.9556398e+1	+4.6775784e+1	-5.8329155e+1	-0.9241241e+1
+0.7020000e+2	+3.1916477e+1	+4.2055489e+1	-5.6952702e+1	-1.0814489e+1
+0.7030000e+2	+2.9753071e+1	+4.5005669e+1	-5.6166157e+1	-1.0027865e+1
+0.7040000e+2	+2.8769709e+1	+4.1662132e+1	-5.7935883e+1	-5.5047526e+0
+0.7050000e+2	+3.2899845e+1	+4.7365826e+1	-5.4593060e+1	-6.4880419e+0
+0.7060000e+2	+3.1129784e+1	+4.3628914e+1	-5.7345978e+1	-7.4713287e+0
+0.7070000e+2	+3.2506500e+1	+4.5399025e+1	-5.6756065e+1	-0.8257957e+1
+0.7080000e+2	+3.1719803e+1	+4.4808987e+1	-5.7739250e+1	-4.5214615e+0
+0.7090000e+2	+3.0343090e+1	+4.3235558e+1	-5.5969521e+1	-1.0224522e+1
+0.7100000e+2	+3.0933109e+1	+4.5005669e+1	-5.8525791e+1	-4.9147782e+0
+0.7110000e+2	+3.2506500e+1	+4.4415630e+1	-5.5379608e+1	-1.3174353e+1
+0.7120000e+2	+3.0343090e+1	+4.6775784e+1	-5.5576248e+1	-1.0027865e+1
+0.7130000e+2	+3.2113152e+1	+4.6775784e+1	-5.4789700e+1	-7.4713287e+0
+0.7140000e+2	+3.0736437e+1	+4.7169144e+1	-5.5576248e+1	-0.8454614e+1
+0.7150000e+2	+3.0736437e+1	+4.1858810e+1	-5.5182972e+1	-4.5214615e+0
+0.7160000e+2	+3.3883221e+1	+4.5005669e+1	-5.7739250e+1	-7.8646431e+0
+0.7170000e+2	+3.0146418e+1	+4.6185745e+1	-5.6756065e+1	-1.1601111e+1
+0.7180000e+2	+3.0933109e+1	+4.4612309e+1	-5.6559429e+1	-6.6846995e+0
+0.7190000e+2	+2.9359726e+1	+4.5399025e+1	-5.5969521e+1	-5.3080945e+0
+0.7200000e+2	+3.0343090e+1	+4.4415630e+1	-5.7542614e+1	-0.9241241e+1
+0.7210000e+2	+3.0539762e+1	+4.4022270e+1	-5.7149342e+1	-7.2746716e+0
+0.7220000e+2	+3.2899845e+1	+4.3038879e+1	-5.5969521e+1	-1.1207801e+1
+0.7230000e+2	+3.3096519e+1	+4.5399025e+1	-5.6756065e+1	-0.8847927e+1
+0.7240000e+2	+3.1719803e+1	+4.3235558e+1	-5.8919064e+1	-1.0027865e+1
+0.7250000e+2	+2.9359726e+1	+4.5005669e+1	-5.6166157e+1	-0.8454614e+1
+0.7260000e+2	+3.1129784e+1	+4.6775784e+1	-5.4199787e+1	-0.9044583e+1
+0.7270000e+2	+3.0933109e+1	+4.5595707e+1	-5.8132519e+1	-0.9044583e+1
+0.7280000e+2	+3.0539762e+1	+4.3432236e+1	-5.8525791e+1	-0.9634553e+1
+0.7290000e+2	+3.1916477e+1	+4.3825592e+1	-5.3609871e+1	-1.0421178e+1
+0.7300000e+2	+2.8179691e+1	+4.2448845e+1	-5.6362793e+1	-0.8061300e+1
+0.7310000e+2	+2.9163054e+1	+4.6579105e+1	-5.8329155e+1	-0.9634553e+1
+0.7320000e+2	+3.1916477e+1	+4.6972466e+1	-5.7542614e+1	-0.8847927e+1
+0.7330000e+2	+3.4866592e+1	+4.1662132e+1	-5.4396423e+1	-7.2746716e+0
+0.7340000e+2	+2.7786346e+1	+4.9135948e+1	-5.6559429e+1	-7.0780144e+0
+0.7350000e+2	+3.2899845e+1	+4.7169144e+1	-5.7935883e+1	-0.8257957e+1
+0.7360000e+2	+3.1129784e+1	+4.3628914e+1	-5.5576248e+1	-1.0421178e+1
+0.7370000e+2	+3.4276569e+1	+4.2055489e+1	-6.0492146e+1	-5.3080945e+0
+0.7380000e+2	+3.1523130e+1	+4.6185745e+1	-5.8132519e+1	-7.2746716e+0
+0.7390000e+2	+2.9556398e+1	+4.2645523e+1	-5.6952702e+1	-0.9044583e+1
+0.7400000e+2	+2.7983019e+1	+4.3825592e+1	-5.7542614e+1	-5.3080945e+0
+0.7410000e+2	+3.0539762e+1	+4.4022270e+1	-5.7345978e+1	-1.1797768e+1
+0.7420000e+2	+3.1719803e+1	+4.6972466e+1	-5.5772884e+1	-5.3080945e+0
+0.7430000e+2	+2.8179691e+1	+4.2645523e+1	-5.3216595e+1	-6.0947266e+0
+0.7440000e+2	+3.4669918e+1	+4.3432236e+1	-5.5182972e+1	-1.0224522e+1
+0.7450000e+2	+2.9753071e+1	+4.9135948e+1	-5.6362793e+1	-6.6846995e+0
+0.7460000e+2	+3.1326456e+1	+4.5399025e+1	-5.9312336e+1	-7.0780144e+0
+0.7470000e+2	+2.9556398e+1	+4.5792385e+1	-5.4593060e+1	-0.8257957e+1
+0.7480000e+2	+2.8769709e+1	+4.4022270e+1	-5.8329155e+1	-0.8651271e+1
+0.7490000e+2	+2.8769709e+1	+4.4022270e+1	-5.8132519e+1	-1.3567662e+1
+0.7500000e+2	+3.1326456e+1	+4.7562504e+1	-5.6362793e+1	-4.5214615e+0
+0.7510000e+2	+3.2506500e+1	+5.0119354e+1	-5.6756065e+1	-1.0027865e+1
+0.7520000e+2	+3.0933109e+1	+4.6185745e+1	-5.6952702e+1	-1.1011145e+1
+0.7530000e+2	+3.0933109e+1	+4.8939270e+1	-5.6362793e+1	-1.1601111e+1
+0.7540000e+2	+3.1916477e+1	+4.8742588e+1	-5.8919064e+1	-1.3567662e+1
+0.7550000e+2	+3.1326456e+1	+4.5202347e+1	-5.8722427e+1	-0.9815962e+0
+0.7560000e+2	+3.2703175e+1	+4.4218952e+1	-5.6559429e+1	-1.3174353e+1
+0.7570000e+2	+3.5456619e+1	+4.9725994e+1	-5.7345978e+1	-1.0224522e+1
+0.7580000e+2	+3.1129784e+1	+4.4612309e+1	-5.5969521e+1	-4.7181201e+0
+0.7590000e+2	+3.0343090e+1	+4.5792385e+1	-5.4396423e+1	-1.3749160e+0
+0.7600000e+2	+2.6802988e+1	+3.7335239e+1	-4.8103981e+1	-1.0421178e+1
+0.7610000e+2	+1.9722864e+1	+3.0844976e+1	-4.2008095e+1	-5.8980684e+0
+0.7620000e+2	+1.8346186e+1	+2.8484903e+1	-3.3355740e+1	+1.5749898e+0
+0.7630000e+2	+1.7166180e+1	+2.2781441e+1	-2.7849607e+1	-0.8061300e+1
+0.7640000e+2	+1.6576178e+1	+2.8681576e+1	-3.3945675e+1	-1.0027865e+1
+0.7650000e+2	+1.9132858e+1	+2.3764791e+1	-3.2372505e+1	-4.1281443e+0
+0.7660000e+2	+1.8346186e+1	+2.7501543e+1	-3.2175858e+1	-1.4550935e+1
+0.7670000e+2	+1.9132858e+1	+2.0028070e+1	-3.1979212e+1	-7.0780144e+0
+0.7680000e+2	+1.9526196e+1	+2.6714855e+1	-3.1585917e+1	-1.7682352e+0
+0.7690000e+2	+1.7559515e+1	+2.1994762e+1	-3.2175858e+1	-6.0947266e+0
+0.7700000e+2	+1.7756182e+1	+2.4944815e+1	-3.0799328e+1	-4.5214615e+0
+0.7710000e+2	+1.6772844e+1	+2.6124842e+1	-2.9422794e+1	-5.7014108e+0
+0.7720000e+2	+1.6576178e+1	+2.1798092e+1	-3.5322197e+1	+0.3950253e+0
+0.7730000e+2	+1.6969511e+1	+2.4551474e+1	-3.3159092e+1	-1.2781043e+1
+0.7740000e+2	+1.5789508e+1	+2.5141485e+1	-3.0995975e+1	-3.9314859e+0
+0.7750000e+2	+1.9526196e+1	+2.3764791e+1	-3.2962444e+1	-5.5047526e+0
+0.7760000e+2	+1.7559515e+1	+2.3961462e+1	-2.9422794e+1	-0.8061300e+1
+0.7770000e+2	+1.6576178e+1	+2.5534828e+1	-3.4338970e+1	-0.9815962e+0
+0.7780000e+2	+1.7756182e+1	+2.6518185e+1	-3.2765797e+1	-2.3582137e+0
+0.7790000e+2	+1.6772844e+1	+2.4158133e+1	-3.2175858e+1	-6.4880419e+0
+0.7800000e+2	+1.6772844e+1	+2.3371450e+1	-2.9422794e+1	-7.6679859e+0
+0.7810000e+2	+1.9919533e+1	+2.6124842e+1	-3.1979212e+1	-4.9147782e+0
+0.7820000e+2	+2.0706209e+1	+2.4551474e+1	-3.3749031e+1	-7.2746716e+0
+0.7830000e+2	+1.6576178e+1	+2.2388102e+1	-3.2175858e+1	-1.5715756e+0
+0.7840000e+2	+1.7756182e+1	+2.3174780e+1	-3.0209385e+1	-7.2746716e+0
+0.7850000e+2	+1.7756182e+1	+2.6518185e+1	-3.2175858e+1	-3.5381682e+0
+0.7860000e+2	+1.6969511e+1	+2.2978111e+1	-3.1782564e+1	-4.9147782e+0
+0.7870000e+2	+1.6182842e+1	+2.4748144e+1	-3.0012737e+1	-0.8061300e+1
+0.7880000e+2	+1.5789508e+1	+2.6124842e+1	-3.4142323e+1	-5.7014108e+0
+0.7890000e+2	+1.5002841e+1	+2.3371450e+1	-3.4535614e+1	-1.7682352e+0
+0.7900000e+2	+1.6182842e+1	+1.9634733e+1	-3.3945675e+1	-1.7682352e+0
+0.7910000e+2	+1.7952850e+1	+2.6124842e+1	-3.0799328e+1	-3.3415093e+0
+0.7920000e+2	+1.7756182e+1	+2.5141485e+1	-3.2175858e+1	-0.8847927e+1
+0.7930000e+2	+1.6182842e+1	+2.1404753e+1	-3.2962444e+1	-3.7348270e+0
+0.7940000e+2	+1.7756182e+1	+2.4158133e+1	-3.2962444e+1	-6.6846995e+0
+0.7950000e+2	+1.6772844e+1	+2.7501543e+1	-3.0406033e+1	-5.1114364e+0
+0.7960000e+2	+1.8739523e+1	+2.4748144e+1	-3.4338970e+1	-3.7348270e+0
+0.7970000e+2	+1.6969511e+1	+2.4944815e+1	-3.3159092e+1	-4.9147782e+0
+0.7980000e+2	+1.7952850e+1	+2.1994762e+1	-3.2962444e+1	-5.3080945e+0
+0.7990000e+2	+1.7166180e+1	+2.3371450e+1	-3.7288647e+1	+1.5749898e+0
+0.8000000e+2	+1.5789508e+1	+2.6518185e+1	-2.9619442e+1	-2.9481914e+0
+0.8010000e+2	+1.9329527e+1	+2.4354803e+1	-3.2372505e+1	-0.8847927e+1
+0.8020000e+2	+1.7559515e+1	+2.4551474e+1	-3.1585917e+1	-5.5047526e+0
+0.8030000e+2	+1.9526196e+1	+2.4158133e+1	-3.5518841e+1	-2.5548730e+0
+0.8040000e+2	+1.5199508e+1	+2.4944815e+1	-3.3355740e+1	-1.0814489e+1
+0.8050000e+2	+1.6182842e+1	+2.7108198e+1	-3.3159092e+1	-0.9634553e+1
+0.8060000e+2	+2.0116201e+1	+2.6911528e+1	-3.3945675e+1	-0.8454614e+1
+0.8070000e+2	+1.9526196e+1	+2.8288231e+1	-3.2962444e+1	-0.8061300e+1
+0.8080000e+2	+1.8149517e+1	+3.0254957e+1	-3.3355740e+1	-5.8980684e+0
+0.8090000e+2	+1.9132858e+1	+2.6714855e+1	-3.1389271e+1	-6.6846995e+0
+0.8100000e+2	+1.7756182e+1	+2.4748144e+1	-3.1585917e+1	-5.5047526e+0
+0.8110000e+2	+1.3232844e+1	+2.3764791e+1	-3.1782564e+1	-2.3582137e+0
+0.8120000e+2	+1.5592841e+1	+2.4944815e+1	-3.3749031e+1	-5.1114364e+0
+0.8130000e+2	+1.8936190e+1	+2.5141485e+1	-3.2962444e+1	-5.7014108e+0
+0.8140000e+2	+1.9329527e+1	+2.3174780e+1	-3.2175858e+1	-0.8651271e+1
+0.8150000e+2	+1.8739523e+1	+2.5338156e+1	-3.3749031e+1	-0.9634553e+1
+0.8160000e+2	+1.9526196e+1	+2.5731499e+1	-3.3552383e+1	-0.8454614e+1
+0.8170000e+2	+1.5789508e+1	+2.5731499e+1	-3.4928905e+1	-5.3080945e+0
+0.8180000e+2	+1.7559515e+1	+2.3568121e+1	-3.1979212e+1	-2.5548730e+0
+0.8190000e+2	+1.7756182e+1	+2.4354803e+1	-3.1585917e+1	-5.8980684e+0
+0.8200000e+2	+1.7362846e+1	+2.3764791e+1	-3.3355740e+1	-5.3080945e+0
+0.8210000e+2	+1.8346186e+1	+2.7501543e+1	-3.4338970e+1	-7.2746716e+0
+0.8220000e+2	+1.9329527e+1	+2.1404753e+1	-3.5715488e+1	-0.8061300e+1
+0.8230000e+2	+1.8739523e+1	+2.3371450e+1	-3.3355740e+1	-5.7014108e+0
+0.8240000e+2	+1.9329527e+1	+2.3961462e+1	-3.0799328e+1	-5.3080945e+0
+0.8250000e+2	+1.5986176e+1	+2.3174780e+1	-3.4732262e+1	-6.6846995e+0
+0.8260000e+2	+1.7166180e+1	+2.1601423e+1	-3.6305424e+1	-5.7014108e+0
+0.8270000e+2	+1.8542854e+1	+2.5928169e+1	-3.2765797e+1	-0.8257957e+1
+0.8280000e+2	+1.8149517e+1	+2.4354803e+1	-3.3159092e+1	-5.5047526e+0
+0.8290000e+2	+1.7362846e+1	+2.3764791e+1	-3.1585917e+1	-6.4880419e+0
+0.8300000e+2	+1.7952850e+1	+2.6518185e+1	-3.2962444e+1	-6.4880419e+0
+0.8310000e+2	+1.8149517e+1	+2.5731499e+1	-3.1585917e+1	-4.3248029e+0
+0.8320000e+2	+1.6576178e+1	+2.1798092e+1	-3.1979212e+1	-4.9147782e+0
+0.8330000e+2	+1.9132858e+1	+2.8288231e+1	-2.8242905e+1	-5.8980684e+0
+0.8340000e+2	+1.9919533e+1	+2.8091558e+1	-2.9619442e+1	-0.9044583e+1
+0.8350000e+2	+1.8542854e+1	+2.4748144e+1	-3.4535614e+1	-0.9044583e+1
+0.8360000e+2	+1.7756182e+1	+2.3961462e+1	-3.1585917e+1	-7.4713287e+0
+0.8370000e+2	+1.8346186e+1	+2.5338156e+1	-3.4928905e+1	-5.8980684e+0
+0.8380000e+2	+1.9722864e+1	+2.1798092e+1	-3.4732262e+1	-0.8651271e+1
+0.8390000e+2	+1.8936190e+1	+2.6518185e+1	-3.3159092e+1	-0.8454614e+1
+0.8400000e+2	+1.8739523e+1	+2.5338156e+1	-3.4928905e+1	-4.9147782e+0
+0.8410000e+2	+1.8149517e+1	+2.3174780e+1	-3.1979212e+1	-5.7014108e+0
+0.8420000e+2	+1.7756182e+1	+2.6911528e+1	-3.1389271e+1	-6.4880419e+0
+0.8430000e+2	+1.4806174e+1	+2.8484903e+1	-3.5518841e+1	-6.8813567e+0
+0.8440000e+2	+1.7362846e+1	+2.6124842e+1	-3.0209385e+1	-6.0947266e+0
+0.8450000e+2	+1.3429510e+1	+2.7894886e+1	-3.5125553e+1	-4.3248029e+0
+0.8460000e+2	+1.7362846e+1	+2.6518185e+1	-3.0995975e+1	-5.3080945e+0
+0.8470000e+2	+1.8542854e+1	+2.2978111e+1	-2.9816090e+1	-5.7014108e+0
+0.8480000e+2	+1.8739523e+1	+2.4944815e+1	-3.0799328e+1	-3.7348270e+0
+0.8490000e+2	+2.1099546e+1	+2.2978111e+1	-3.2962444e+1	-1.7682352e+0
+0.8500000e+2	+1.7166180e+1	+2.2781441e+1	-3.4535614e+1	-0.9241241e+1
+0.8510000e+2	+1.8936190e+1	+2.3961462e+1	-3.4535614e+1	-4.5214615e+0
+0.8520000e+2	+1.5396174e+1	+2.6714855e+1	-3.0995975e+1	-5.5047526e+0
+0.8530000e+2	+1.9919533e+1	+2.5534828e+1	-3.2175858e+1	-1.0421178e+1
+0.8540000e+2	+1.8149517e+1	+2.8091558e+1	-2.9226147e+1	-0.8847927e+1
+0.8550000e+2	+1.7362846e+1	+2.3568121e+1	-3.3749031e+1	-5.3080945e+0
+0.8560000e+2	+1.7362846e+1	+2.5141485e+1	-3.1192623e+1	-0.8061300e+1
+0.8570000e+2	+1.8149517e+1	+2.5534828e+1	-3.4142323e+1	-6.8813567e+0
+0.8580000e+2	+1.8149517e+1	+2.7698214e+1	-3.2372505e+1	-4.1281443e+0
+0.8590000e+2	+1.7559515e+1	+2.7304871e+1	-3.3552383e+1	-3.7348270e+0
+0.8600000e+2	+1.7166180e+1	+2.5928169e+1	-3.3749031e+1	-4.7181201e+0
+0.8610000e+2	+1.8936190e+1	+2.3568121e+1	-3.3552383e+1	-0.9437897e+1
+0.8620000e+2	+1.8936190e+1	+2.3961462e+1	-3.2569153e+1	-3.7348270e+0
+0.8630000e+2	+1.6576178e+1	+2.3961462e+1	-3.1979212e+1	-4.5214615e+0
+0.8640000e+2	+1.7362846e+1	+2.6518185e+1	-3.0406033e+1	-5.3080945e+0
+0.8650000e+2	+2.0116201e+1	+2.4944815e+1	-2.9422794e+1	-3.7348270e+0
+0.8660000e+2	+1.6182842e+1	+2.6321512e+1	-2.8046257e+1	-5.5047526e+0
+0.8670000e+2	+1.4609508e+1	+2.5338156e+1	-3.6108780e+1	-3.9314859e+0
+0.8680000e+2	+1.1266190e+1	+2.4354803e+1	-3.0995975e+1	-4.1281443e+0
+0.8690000e+2	+1.9526196e+1	+2.1798092e+1	-3.3945675e+1	-6.2913842e+0
+0.8700000e+2	+1.6576178e+1	+2.5731499e+1	-3.2372505e+1	-5.3080945e+0
+0.8710000e+2	+1.7756182e+1	+2.8681576e+1	-3.0799328e+1	-4.9147782e+0
+0.8720000e+2	+1.9722864e+1	+2.6518185e+1	-3.1192623e+1	-6.6846995e+0
+0.8730000e+2	+1.8739523e+1	+2.5534828e+1	-3.1782564e+1	-0.8257957e+1
+0.8740000e+2	+1.7559515e+1	+2.4944815e+1	-3.2765797e+1	-5.3080945e+0
+0.8750000e+2	+1.6182842e+1	+2.7304871e+1	-3.3552383e+1	-5.5047526e+0
+0.8760000e+2	+1.5396174e+1	+2.9271593e+1	-3.3552383e+1	-6.0947266e+0
+0.8770000e+2	+1.3822843e+1	+2.1601423e+1	-2.9029499e+1	-1.9648948e+0
+0.8780000e+2	+1.2052851e+1	+1.6881380e+1	-2.4899870e+1	-3.7348270e+0
+0.8790000e+2	+1.0479530e+1	+1.1374725e+1	-1.7427114e+1	-6.2913842e+0
+0.8800000e+2	+6.1529260e+0	+1.1768056e+1	-1.3297382e+1	-0.7849362e+0
+0.8810000e+2	+0.9102879e+1	+1.2161386e+1	-1.7427114e+1	-2.5548730e+0
+0.8820000e+2	+0.9692872e+1	+0.9998072e+1	-1.6050541e+1	-0.3916160e+0
+0.8830000e+2	+0.8119559e+1	+1.0784730e+1	-1.6837154e+1	-4.5214615e+0
+0.8840000e+2	+0.8709551e+1	+1.1178061e+1	-1.8017073e+1	-2.1615543e+0
+0.8850000e+2	+0.9299543e+1	+1.0194736e+1	-1.4280655e+1	-1.3749160e+0
+0.8860000e+2	+0.8906215e+1	+1.2948049e+1	-1.7230461e+1	+0.1704454e-2
+0.8870000e+2	+1.1659520e+1	+1.5504711e+1	-1.7230461e+1	-4.7181201e+0
+0.8880000e+2	+5.3662748e+0	+0.8031430e+1	-1.2707417e+1	-2.7515323e+0
+0.8890000e+2	+7.7262321e+0	+1.0391400e+1	-1.8607031e+1	-1.7682352e+0
+0.8900000e+2	+0.8709551e+1	+1.2948049e+1	-1.7230461e+1	-0.7849362e+0
+0.8910000e+2	+0.9496207e+1	+1.0391400e+1	-1.6050541e+1	-4.7181201e+0
+0.8920000e+2	+1.1659520e+1	+0.8818086e+1	-1.3100727e+1	-2.1615543e+0
+0.8930000e+2	+1.2249516e+1	+0.9408078e+1	-1.7033808e+1	+1.1816679e+0
+0.8940000e+2	+0.8906215e+1	+1.2751383e+1	-1.6640501e+1	-0.1949558e+0
+0.8950000e+2	+1.1659520e+1	+1.2948049e+1	-1.7427114e+1	-0.5882762e+0
+0.8960000e+2	+1.1069525e+1	+1.2751383e+1	-1.6247194e+1	-0.1949558e+0
+0.8970000e+2	+0.8906215e+1	+1.0588065e+1	-1.4280655e+1	+0.9850072e+0
+0.8980000e+2	+0.9496207e+1	+1.1964721e+1	-1.7230461e+1	+2.7549572e+0
+0.8990000e+2	+1.0479530e+1	+1.0981396e+1	-1.5657233e+1	+0.1983648e+0
+0.9000000e+2	+1.0676195e+1	+1.5504711e+1	-1.7623766e+1	-6.4880419e+0
+0.9010000e+2	+1.0479530e+1	+1.6881380e+1	-1.5853887e+1	-0.5882762e+0
+0.9020000e+2	+1.0676195e+1	+0.8818086e+1	-1.6050541e+1	-4.1281443e+0
+0.9030000e+2	+0.9102879e+1	+1.0784730e+1	-1.3887346e+1	-3.3415093e+0
+0.9040000e+2	+1.3232844e+1	+1.3734713e+1	-1.7427114e+1	-2.5548730e+0
+0.9050000e+2	+7.3329048e+0	+0.8621422e+1	-1.3690692e+1	+1.5749898e+0
+0.9060000e+2	+4.1863008e+0	+1.1964721e+1	-1.3100727e+1	-3.9314859e+0
+0.9070000e+2	+0.8906215e+1	+1.0588065e+1	-1.5853887e+1	+1.7716509e+0
+0.9080000e+2	+1.1266190e+1	+1.4324711e+1	-1.4870618e+1	-3.9314859e+0
+0.9090000e+2	+7.3329048e+0	+1.3538047e+1	-1.7427114e+1	-2.9481914e+0
+0.9100000e+2	+1.0086201e+1	+1.1964721e+1	-1.6443848e+1	-4.7181201e+0
+0.9110000e+2	+1.0086201e+1	+1.4718044e+1	-1.4673964e+1	-0.9815962e+0
+0.9120000e+2	+0.9889536e+1	+1.0391400e+1	-1.2707417e+1	+0.1704454e-2
+0.9130000e+2	+7.5295682e+0	+0.8031430e+1	-1.6640501e+1	+0.1983648e+0
+0.9140000e+2	+6.7429152e+0	+1.4521378e+1	-1.7427114e+1	-0.1949558e+0
+0.9150000e+2	+1.3232844e+1	+1.0194736e+1	-1.4870618e+1	-4.9147782e+0
+0.9160000e+2	+4.1863008e+0	+0.8818086e+1	-1.5263926e+1	+0.1983648e+0
+0.9170000e+2	+0.8119559e+1	+0.8621422e+1	-1.7623766e+1	-2.3582137e+0
+0.9180000e+2	+1.1069525e+1	+0.9998072e+1	-1.3887346e+1	-2.3582137e+0
+0.9190000e+2	+0.9496207e+1	+1.0391400e+1	-1.5657233e+1	-3.9314859e+0
+0.9200000e+2	+0.8906215e+1	+0.9998072e+1	-1.6443848e+1	-0.3916160e+0
+0.9210000e+2	+1.1069525e+1	+1.1768056e+1	-1.5460580e+1	+0.7883465e+0
+0.9220000e+2	+5.5629377e+0	+1.4324711e+1	-1.5460580e+1	-3.5381682e+0
+0.9230000e+2	+7.9228954e+0	+1.2751383e+1	-1.4477309e+1	-2.3582137e+0
+0.9240000e+2	+0.8119559e+1	+1.0981396e+1	-1.3887346e+1	-0.3916160e+0
+0.9250000e+2	+6.3495889e+0	+1.0588065e+1	-1.4280655e+1	+0.1983648e+0
+0.9260000e+2	+1.2249516e+1	+7.8347669e+0	-1.7033808e+1	-4.1281443e+0
+0.9270000e+2	+1.0282866e+1	+1.4521378e+1	-1.4673964e+1	-5.5047526e+0
+0.9280000e+2	+7.1362414e+0	+1.3538047e+1	-1.2707417e+1	-2.7515323e+0
+0.9290000e+2	+1.0676195e+1	+1.2751383e+1	-1.1920797e+1	-2.5548730e+0
+0.9300000e+2	+0.8709551e+1	+1.2751383e+1	-1.6640501e+1	-3.7348270e+0
+0.9310000e+2	+1.0086201e+1	+1.3931378e+1	-1.3100727e+1	+0.1704454e-2
+0.9320000e+2	+6.1529260e+0	+1.0391400e+1	-1.5067271e+1	-5.5047526e+0
+0.9330000e+2	+6.9395781e+0	+1.3144714e+1	-1.6640501e+1	-2.3582137e+0
+0.9340000e+2	+5.9562631e+0	+1.1178061e+1	-1.4870618e+1	-0.5882762e+0
+0.9350000e+2	+7.5295682e+0	+1.0588065e+1	-1.4477309e+1	+3.5416040e+0
+0.9360000e+2	+1.0479530e+1	+7.2447762e+0	-1.7230461e+1	-4.1281443e+0
+0.9370000e+2	+5.1696124e+0	+0.8818086e+1	-1.5263926e+1	-1.9648948e+0
+0.9380000e+2	+1.0676195e+1	+1.3341380e+1	-1.7820419e+1	-3.7348270e+0
+0.9390000e+2	+0.9889536e+1	+1.1768056e+1	-1.6050541e+1	-0.5882762e+0
+0.9400000e+2	+1.3626177e+1	+1.0194736e+1	-1.4673964e+1	-2.5548730e+0
+0.9410000e+2	+0.9102879e+1	+1.3931378e+1	-1.8017073e+1	-2.7515323e+0
+0.9420000e+2	+0.9889536e+1	+1.1964721e+1	-1.6247194e+1	-6.0947266e+0
+0.9430000e+2	+7.7262321e+0	+1.1768056e+1	-1.4280655e+1	-3.7348270e+0
+0.9440000e+2	+0.9102879e+1	+1.7274715e+1	-1.8213726e+1	-3.1448505e+0
+0.9450000e+2	+5.5629377e+0	+1.0391400e+1	-1.4280655e+1	-2.1615543e+0
+0.9460000e+2	+1.1462855e+1	+1.3538047e+1	-1.3297382e+1	+2.5582957e+0
+0.9470000e+2	+1.1069525e+1	+1.2751383e+1	-1.7820419e+1	+2.7549572e+0
+0.9480000e+2	+1.0479530e+1	+1.2161386e+1	-1.5657233e+1	-0.9815962e+0
+0.9490000e+2	+0.8119559e+1	+1.1571390e+1	-1.4280655e+1	-3.5381682e+0
+0.9500000e+2	+0.8709551e+1	+1.0784730e+1	-1.6247194e+1	-2.1615543e+0
+0.9510000e+2	+7.3329048e+0	+1.3734713e+1	-1.6837154e+1	+0.1704454e-2
+0.9520000e+2	+0.9299543e+1	+6.6547861e+0	-1.7033808e+1	+1.3783288e+0
+0.9530000e+2	+0.8906215e+1	+1.2751383e+1	-1.4477309e+1	-1.5715756e+0
+0.9540000e+2	+0.9102879e+1	+1.1374725e+1	-1.4870618e+1	+0.3950253e+0
+0.9550000e+2	+6.5462518e+0	+7.4414396e+0	-1.7230461e+1	-5.1114364e+0
+0.9560000e+2	+1.2446181e+1	+1.1964721e+1	-1.4870618e+1	+0.3950253e+0
+0.9570000e+2	+0.9299543e+1	+1.3734713e+1	-1.6443848e+1	-2.9481914e+0
+0.9580000e+2	+1.0676195e+1	+1.3734713e+1	-1.9000336e+1	-0.3916160e+0
+0.9590000e+2	+1.1266190e+1	+0.9801407e+1	-1.3690692e+1	+0.1704454e-2
+0.9600000e+2	+4.7762876e+0	+6.8514495e+0	-1.4280655e+1	-3.9314859e+0
+0.9610000e+2	+0.8119559e+1	+0.8818086e+1	-1.1527486e+1	+0.1983648e+0
+0.9620000e+2	+0.8119559e+1	+1.6094711e+1	-1.5460580e+1	-5.3080945e+0
+0.9630000e+2	+0.8316223e+1	+0.8424758e+1	-1.3887346e+1	-1.3749160e+0
+0.9640000e+2	+1.0282866e+1	+1.3931378e+1	-2.0376900e+1	-4.1281443e+0
+0.9650000e+2	+1.0676195e+1	+0.9211414e+1	-1.7623766e+1	-3.3415093e+0
+0.9660000e+2	+7.7262321e+0	+0.8818086e+1	-1.3494037e+1	-2.5548730e+0
+0.9670000e+2	+7.3329048e+0	+0.9998072e+1	-1.6247194e+1	+0.7883465e+0
+0.9680000e+2	+7.7262321e+0	+1.1374725e+1	-1.5853887e+1	-0.5882762e+0
+0.9690000e+2	+0.8512887e+1	+1.1374725e+1	-1.5263926e+1	+0.1704454e-2
+0.9700000e+2	+0.8119559e+1	+0.8818086e+1	-1.5263926e+1	-2.7515323e+0
+0.9710000e+2	+0.8316223e+1	+1.1571390e+1	-1.2117453e+1	-1.7682352e+0
+0.9720000e+2	+0.9692872e+1	+1.1964721e+1	-1.2707417e+1	-1.9648948e+0
+0.9730000e+2	+0.9889536e+1	+1.2161386e+1	-1.7820419e+1	-3.9314859e+0
+0.9740000e+2	+0.9496207e+1	+0.9801407e+1	-1.4280655e+1	-1.7682352e+0
+0.9750000e+2	+0.8316223e+1	+1.6094711e+1	-1.7623766e+1	-4.5214615e+0
+0.9760000e+2	+1.0086201e+1	+1.0784730e+1	-1.7230461e+1	-5.7014108e+0
+0.9770000e+2	+1.2052851e+1	+1.3734713e+1	-1.5067271e+1	-2.9481914e+0
+0.9780000e+2	+7.7262321e+0	+0.8031430e+1	-1.6050541e+1	-1.7682352e+0
+0.9790000e+2	+4.7762876e+0	+7.8347669e+0	-1.5657233e+1	-2.9481914e+0
+0.9800000e+2	+1.1069525e+1	+1.0981396e+1	-1.7230461e+1	-2.5548730e+0
+0.9810000e+2	+0.9692872e+1	+1.1178061e+1	-1.5263926e+1	-0.5882762e+0
+0.9820000e+2	+5.5629377e+0	+0.9998072e+1	-1.0937519e+1	-2.9481914e+0
+0.9830000e+2	+1.1462855e+1	+1.6488047e+1	-1.8607031e+1	-3.5381682e+0
+0.9840000e+2	+7.9228954e+0	+0.9408078e+1	-1.3887346e+1	-6.8813567e+0
+0.9850000e+2	+6.9395781e+0	+1.3931378e+1	-1.4870618e+1	-2.7515323e+0
+0.9860000e+2	+0.8119559e+1	+1.2751383e+1	-1.5067271e+1	-1.1782562e+0
+0.9870000e+2	+0.8709551e+1	+1.3931378e+1	-1.4870618e+1	-1.5715756e+0
+0.9880000e+2	+1.0086201e+1	+1.3341380e+1	-1.8017073e+1	-4.3248029e+0
+0.9890000e+2	+1.2839513e+1	+1.2161386e+1	-1.6050541e+1	+0.1983648e+0
+0.9900000e+2	+1.2249516e+1	+1.1178061e+1	-1.4084001e+1	-3.1448505e+0
+0.9910000e+2	+1.0872860e+1	+0.9801407e+1	-1.7820419e+1	-0.7849362e+0
+0.9920000e+2	+1.1266190e+1	+1.1964721e+1	-1.4280655e+1	-3.3415093e+0
+0.9930000e+2	+7.1362414e+0	+1.1374725e+1	-1.4280655e+1	+0.1983648e+0
+0.9940000e+2	+7.7262321e+0	+1.1178061e+1	-1.4870618e+1	-1.3749160e+0
+0.9950000e+2	+0.9496207e+1	+1.2948049e+1	-1.5657233e+1	-0.3916160e+0
+0.9960000e+2	+0.9889536e+1	+1.1964721e+1	-1.6640501e+1	-4.3248029e+0
+0.9970000e+2	+1.0676195e+1	+1.3341380e+1	-1.4084001e+1	-0.1949558e+0
+0.9980000e+2	+5.7596002e+0	+1.1964721e+1	-1.6640501e+1	-6.2913842e+0
+0.9990000e+2	+0.8906215e+1	+1.2948049e+1	-1.7230461e+1	-3.3415093e+0
+1.0000000e+2	+0.9889536e+1	+0.9604743e+1	-1.5067271e+1	-1.1782562e+0
+1.0010000e+2	+0.9496207e+1	+1.1571390e+1	-1.6640501e+1	-4.3248029e+0
+1.0020000e+2	+1.0086201e+1	+1.0391400e+1	-1.4870618e+1	-1.7682352e+0
+1.0030000e+2	+0.8906215e+1	+1.3341380e+1	-1.7033808e+1	+0.1983648e+0
+1.0040000e+2	+7.1362414e+0	+0.9801407e+1	-1.5067271e+1	-1.1782562e+0
+1.0050000e+2	+1.1069525e+1	+1.2161386e+1	-1.1724141e+1	-1.3749160e+0
+1.0060000e+2	+1.0479530e+1	+1.4128045e+1	-1.5657233e+1	-5.1114364e+0
+1.0070000e+2	+7.5295682e+0	+1.0784730e+1	-1.8017073e+1	-2.3582137e+0
+1.0080000e+2	+1.0086201e+1	+0.9408078e+1	-1.2707417e+1	-0.1949558e+0
+1.0090000e+2	+6.5462518e+0	+1.1571390e+1	-1.6443848e+1	-3.9314859e+0
+1.0100000e+2	+5.5629377e+0	+1.0194736e+1	-1.5263926e+1	-3.1448505e+0
+1.0110000e+2	+1.1659520e+1	+1.1768056e+1	-1.3100727e+1	+0.5916858e+0
+1.0120000e+2	+0.9692872e+1	+1.1964721e+1	-1.4477309e+1	-5.7014108e+0
+1.0130000e+2	+0.8709551e+1	+1.4324711e+1	-1.4084001e+1	+0.1983648e+0
+1.0140000e+2	+1.1069525e+1	+1.2751383e+1	-1.5460580e+1	-2.9481914e+0
+1.0150000e+2	+1.0086201e+1	+1.0391400e+1	-1.4870618e+1	-1.7682352e+0
+1.0160000e+2	+0.9889536e+1	+7.4414396e+0	-1.7033808e+1	-1.9648948e+0
+1.0170000e+2	+0.9496207e+1	+1.4128045e+1	-1.5853887e+1	+1.1816679e+0
+1.0180000e+2	+0.9299543e+1	+1.2554717e+1	-1.5067271e+1	-1.9648948e+0
+1.0190000e+2	+5.9562631e+0	+1.0784730e+1	-1.5460580e+1	-5.7014108e+0
+1.0200000e+2	+4.7762876e+0	+1.2554717e+1	-1.4280655e+1	-4.7181201e+0
+1.0210000e+2	+7.3329048e+0	+1.1768056e+1	-1.6247194e+1	-1.7682352e+0
+1.0220000e+2	+7.7262321e+0	+7.8347669e+0	-1.5853887e+1	-2.7515323e+0
+1.0230000e+2	+5.9562631e+0	+1.0588065e+1	-1.5657233e+1	-1.3749160e+0
+1.0240000e+2	+0.9889536e+1	+1.1178061e+1	-1.6640501e+1	-0.5882762e+0
+1.0250000e+2	+7.9228954e+0	+1.3931378e+1	-1.8213726e+1	-0.9815962e+0
+1.0260000e+2	+7.9228954e+0	+1.0784730e+1	-1.6050541e+1	-2.9481914e+0
+1.0270000e+2	+0.8512887e+1	+0.9408078e+1	-1.5657233e+1	-3.3415093e+0
+1.0280000e+2	+0.8709551e+1	+1.1374725e+1	-1.2117453e+1	-4.1281443e+0
+1.0290000e+2	+0.8119559e+1	+1.2161386e+1	-1.4280655e+1	+0.5916858e+0
+1.0300000e+2	+0.8512887e+1	+0.9408078e+1	-1.7623766e+1	-4.3248029e+0
+1.0310000e+2	+0.9102879e+1	+1.2358052e+1	-1.5853887e+1	+0.5916858e+0
+1.0320000e+2	+0.8709551e+1	+0.9211414e+1	-1.3690692e+1	-0.7849362e+0
+1.0330000e+2	+7.5295682e+0	+1.1374725e+1	-1.2510762e+1	-3.3415093e+0
+1.0340000e+2	+0.8316223e+1	+7.8347669e+0	-1.5657233e+1	-4.7181201e+0
+1.0350000e+2	+6.1529260e+0	+0.8621422e+1	-0.9954240e+1	-3.9314859e+0
+1.0360000e+2	+0.5641502e-1	+2.5248787e+0	+0.0753321e+0	-2.9481914e+0
+1.0370000e+2	+1.0397179e+0	-0.8183531e+0	+0.2719925e+0	-2.1615543e+0
+1.0380000e+2	+2.4163454e+0	+0.7549295e+0	-0.5146487e+0	+0.1704454e-2
+1.0390000e+2	+2.6130066e+0	-0.2283727e+0	+1.2552958e+0	-2.9481914e+0
+1.0400000e+2	+1.2363787e+0	-1.4083327e+0	+0.4686530e+0	-1.5715756e+0
+1.0410000e+2	-1.1235456e+0	-0.2283727e+0	+0.8619742e+0	+0.5916858e+0
+1.0420000e+2	+0.4497359e+0	-1.6049924e+0	-0.5146487e+0	-3.5381682e+0
+1.0430000e+2	+2.4163454e+0	+0.9515902e+0	-2.2845864e+0	+0.1983648e+0
+1.0440000e+2	+1.6297005e+0	-4.1615610e+0	-0.9079688e+0	-0.1949558e+0
+1.0450000e+2	+1.8263617e+0	+1.7382338e+0	+2.2386012e+0	-1.3749160e+0
+1.0460000e+2	+3.0063298e+0	+4.0981727e+0	-3.4645412e+0	+0.5916858e+0
+1.0470000e+2	+2.4163454e+0	+0.3616084e+0	-2.4812458e+0	+2.7549572e+0
+1.0480000e+2	-0.5335657e+0	-0.6216930e+0	-1.8912675e+0	-1.3749160e+0
+1.0490000e+2	-1.5168653e+0	+4.2948346e+0	+0.8619742e+0	+1.1816679e+0
+1.0500000e+2	+3.9896388e+0	-2.3916304e+0	+0.8619742e+0	-2.3582137e+0
+1.0510000e+2	-2.3035033e+0	+2.7215402e+0	+2.6319239e+0	+3.9349277e+0
+1.0520000e+2	+0.8430572e+0	+0.3616084e+0	+0.8619742e+0	+6.2948775e+0
+1.0530000e+2	+1.0397179e+0	+2.5248787e+0	+1.4519566e+0	+2.9516189e+0
+1.0540000e+2	-0.3369055e+0	-3.5715849e+0	-1.3012885e+0	+0.1704454e-2
+1.0550000e+2	+1.2363787e+0	+0.7549295e+0	-1.4979483e+0	+6.8848667e+0
+1.0560000e+2	+1.8263617e+0	+3.5081868e+0	-0.1213283e+0	+4.3282518e+0
+1.0570000e+2	+0.8430572e+0	+0.5582689e+0	-2.4812458e+0	+1.5749898e+0
+1.0580000e+2	+0.5641502e-1	-1.9983115e+0	+0.6653135e+0	+1.3783288e+0
+1.0590000e+2	+2.4163454e+0	+0.3616084e+0	-1.3012885e+0	+0.1704454e-2
+1.0600000e+2	+1.4330395e+0	-0.4250329e+0	-1.1046287e+0	-0.9815962e+0
+1.0610000e+2	+1.4330395e+0	-0.3171244e-1	-0.3179885e+0	-2.1615543e+0
+1.0620000e+2	+2.0230227e+0	+2.5248787e+0	+0.8619742e+0	-3.3415093e+0
+1.0630000e+2	-0.5335657e+0	-0.6216930e+0	+1.8452787e+0	-3.3415093e+0
+1.0640000e+2	+4.3829632e+0	-0.8183531e+0	+1.2552958e+0	+0.9850072e+0
+1.0650000e+2	+2.0230227e+0	+0.7549295e+0	+2.0419400e+0	-3.7348270e+0
+1.0660000e+2	+2.2196839e+0	-0.3171244e-1	-2.8745642e+0	+2.7549572e+0
+1.0670000e+2	-0.1402453e+0	+2.5248787e+0	+0.0753321e+0	+4.1315899e+0
+1.0680000e+2	-1.7135249e+0	+1.3449118e+0	-0.5146487e+0	+2.7549572e+0
+1.0690000e+2	-1.1235456e+0	-2.3916304e+0	-0.5146487e+0	-2.5548730e+0
+1.0700000e+2	+0.8430572e+0	-0.4250329e+0	-0.1213283e+0	-0.3916160e+0
+1.0710000e+2	+0.5641502e-1	-1.6049924e+0	-0.5146487e+0	+3.7382658e+0
+1.0720000e+2	+2.2196839e+0	+0.3616084e+0	-0.9079688e+0	+0.3950253e+0
+1.0730000e+2	-4.6634097e+0	-2.5882897e+0	-0.7113088e+0	+3.5416040e+0
+1.0740000e+2	+3.2029915e+0	-1.2116729e+0	+1.4519566e+0	-2.5548730e+0
+1.0750000e+2	+2.0230227e+0	+0.5582689e+0	-2.4812458e+0	+1.7716509e+0
+1.0760000e+2	-0.9268858e+0	+2.7215402e+0	+2.2386012e+0	+3.7382658e+0
+1.0770000e+2	-2.6968219e+0	+0.3616084e+0	+2.4352624e+0	+0.7883465e+0
+1.0780000e+2	+2.4163454e+0	+1.7382338e+0	+4.4018803e+0	-1.7682352e+0
+1.0790000e+2	-0.1402453e+0	-1.2116729e+0	+1.2552958e+0	+0.9850072e+0
+1.0800000e+2	+3.5963149e+0	+2.9182017e+0	+3.6152320e+0	+0.1983648e+0
+1.0810000e+2	-1.3202055e+0	-2.9816079e+0	-0.7113088e+0	-0.3916160e+0
+1.0820000e+2	+0.8430572e+0	+1.1482511e+0	-2.0879271e+0	+0.7883465e+0
+1.0830000e+2	-0.9268858e+0	+1.7382338e+0	+3.6152320e+0	+5.3115635e+0
+1.0840000e+2	-0.3369055e+0	+2.1315560e+0	+1.4519566e+0	+2.7549572e+0
+1.0850000e+2	+3.0063298e+0	+1.9348949e+0	-0.3179885e+0	-3.7348270e+0
+1.0860000e+2	+0.6463965e+0	+1.7382338e+0	+1.4519566e+0	-1.5715756e+0
+1.0870000e+2	+3.2029915e+0	-0.2283727e+0	+0.8619742e+0	+3.7382658e+0
+1.0880000e+2	-0.7302257e+0	+0.9515902e+0	+1.0586350e+0	+1.9683120e+0
+1.0890000e+2	-0.9268858e+0	+1.5415728e+0	+1.6486176e+0	+2.7549572e+0
+1.0900000e+2	+1.4330395e+0	+5.2781463e+0	+0.4686530e+0	+0.9850072e+0
+1.0910000e+2	+3.5963149e+0	+1.1482511e+0	+2.0419400e+0	+1.9683120e+0
+1.0920000e+2	+0.4497359e+0	+0.1649479e+0	+1.4519566e+0	-1.9648948e+0
+1.0930000e+2	-0.5335657e+0	+1.3449118e+0	+0.2719925e+0	-2.5548730e+0
+1.0940000e+2	+1.4330395e+0	-0.3171244e-1	+2.6319239e+0	-7.2746716e+0
+1.0950000e+2	-1.7135249e+0	+4.6881590e+0	+2.0419400e+0	+5.7048888e+0
+1.0960000e+2	-2.5001626e+0	+1.9348949e+0	-0.5146487e+0	-1.5715756e+0
+1.0970000e+2	-1.1235456e+0	+0.9515902e+0	+2.8285854e+0	+0.3950253e+0
+1.0980000e+2	-0.5335657e+0	+3.1148634e+0	-1.1046287e+0	+4.1315899e+0
+1.0990000e+2	-1.7135249e+0	-1.9983115e+0	+0.4686530e+0	+2.5582957e+0
+1.1000000e+2	+1.6297005e+0	+3.3115251e+0	+1.6486176e+0	+2.9516189e+0
+1.1010000e+2	+0.5641502e-1	+2.9182017e+0	-0.1213283e+0	-0.9815962e+0
+1.1020000e+2	-2.1068439e+0	+1.1482511e+0	-0.7113088e+0	+4.7215762e+0
+1.1030000e+2	+3.2029915e+0	-0.3171244e-1	-1.1046287e+0	-5.8980684e+0
+1.1040000e+2	-0.3369055e+0	-0.3171244e-1	+0.6653135e+0	-5.5047526e+0
+1.1050000e+2	+1.6297005e+0	+1.9348949e+0	-0.5146487e+0	+4.1315899e+0
+1.1060000e+2	+0.4497359e+0	-0.8183531e+0	-0.7113088e+0	+5.1149011e+0
+1.1070000e+2	+3.2029915e+0	-0.2283727e+0	+1.6486176e+0	+1.7716509e+0
+1.1080000e+2	-2.3035033e+0	+2.3282175e+0	-0.1213283e+0	-0.5882762e+0
+1.1090000e+2	+1.0397179e+0	+3.3115251e+0	+1.6486176e+0	+4.5249143e+0
+1.1100000e+2	+0.2530754e+0	+1.3449118e+0	+0.4686530e+0	+2.5582957e+0
+1.1110000e+2	-1.1235456e+0	-4.3582196e+0	-1.8912675e+0	+5.3115635e+0
+1.1120000e+2	-0.9268858e+0	-0.3171244e-1	+1.6486176e+0	+4.3282518e+0
+1.1130000e+2	-0.7302257e+0	-0.2283727e+0	-1.8912675e+0	-7.2746716e+0
+1.1140000e+2	+0.8430572e+0	+4.0981727e+0	+0.4686530e+0	+1.3783288e+0
+1.1150000e+2	+0.4497359e+0	-2.5882897e+0	-0.5146487e+0	-2.9481914e+0
+1.1160000e+2	+1.0397179e+0	-1.4083327e+0	-2.0879271e+0	-1.1782562e+0
+1.1170000e+2	+0.6463965e+0	+1.1482511e+0	+1.4519566e+0	+2.9516189e+0
+1.1180000e+2	+2.8096681e+0	+1.9348949e+0	-1.1046287e+0	-0.1949558e+0
+1.1190000e+2	-0.5335657e+0	+1.5415728e+0	-0.9079688e+0	+0.9850072e+0
+1.1200000e+2	-1.7135249e+0	-0.6216930e+0	-0.5146487e+0	-3.5381682e+0
+1.1210000e+2	+0.4497359e+0	+2.9182017e+0	-0.3179885e+0	+3.9349277e+0
+1.1220000e+2	+0.2530754e+0	+0.3616084e+0	+2.0419400e+0	+0.7883465e+0
+1.1230000e+2	-1.1235456e+0	-1.4083327e+0	+5.5818548e+0	+5.9015517e+0
+1.1240000e+2	+1.4330395e+0	+0.7549295e+0	+0.6653135e+0	-5.8980684e+0
+1.1250000e+2	-2.5001626e+0	+1.3449118e+0	-2.2845864e+0	+0.1983648e+0
+1.1260000e+2	-0.9268858e+0	-0.2283727e+0	-3.2678823e+0	-0.1949558e+0
+1.1270000e+2	+3.0063298e+0	-0.2283727e+0	+1.8452787e+0	-1.1782562e+0
+1.1280000e+2	-0.9268858e+0	+2.5248787e+0	+1.0586350e+0	-3.9314859e+0
+1.1290000e+2	-3.2867992e+0	+0.1649479e+0	-3.4645412e+0	+1.1816679e+0
+1.1300000e+2	-0.1402453e+0	+0.5582689e+0	+2.6319239e+0	+1.1816679e+0
