x	ch1x	ch3x	ch5y	ch7y
+0.0000000e+0	+1.0397218e+0	-0.4250346e+0	+1.0586390e+0	+4.1316056e+0
+0.1000000e+0	-0.7302286e+0	-0.2283736e+0	+3.2219210e+0	+2.3616436e+0
+0.2000000e+0	+3.3996661e+0	-0.8183562e+0	-0.1213287e+0	-3.1448624e+0
+0.3000000e+0	+1.8263687e+0	+1.5415788e+0	-0.1213287e+0	+3.3449550e+0
+0.4000000e+0	-0.7302286e+0	+0.9515939e+0	+0.8619775e+0	-3.7348413e+0
+0.5000000e+0	+0.8430604e+0	-1.8016590e+0	-1.4979540e+0	+2.3616436e+0
+0.6000000e+0	-1.7135315e+0	+2.7215507e+0	+1.4519622e+0	-0.3916176e+0
+0.7000000e+0	+0.5641523e-1	-1.0150169e+0	+0.8619775e+0	+4.7215943e+0
+0.8000000e+0	+0.2530764e+0	-2.7849596e+0	+2.6319339e+0	-2.7515428e+0
+0.9000000e+0	-0.9268893e+0	+0.5582711e+0	+3.2219210e+0	+2.3616436e+0
+1.0000000e+0	-3.4834716e+0	+0.7549324e+0	+1.8452858e+0	+1.9683195e+0
+1.1000000e+0	+1.2363834e+0	-3.9649177e+0	+0.6653161e+0	-3.5381818e+0
+1.2000000e+0	-0.9268893e+0	+0.3616098e+0	+0.8619775e+0	-3.1448624e+0
+1.3000000e+0	+0.4497376e+0	+3.1148753e+0	-1.6946144e+0	-4.3248196e+0
+1.4000000e+0	-0.7302286e+0	+3.9015255e+0	+1.8452858e+0	-4.3248196e+0
+1.5000000e+0	+1.4330450e+0	+3.5082002e+0	-0.3179897e+0	-1.3749212e+0
+1.6000000e+0	+1.4330450e+0	-1.0150169e+0	+0.8619775e+0	-1.9649024e+0
+1.7000000e+0	+3.3996661e+0	-3.1782794e+0	+1.4519622e+0	+5.5082474e+0
+1.8000000e+0	-2.1068521e+0	+3.7048628e+0	-2.4812553e+0	+5.1149206e+0
+1.9000000e+0	-0.1402458e+0	-1.6049986e+0	+0.0753323e+0	-1.5715816e+0
+2.0000000e+0	+1.2363834e+0	-0.2283736e+0	+0.4686548e+0	-1.9649024e+0
+2.1000000e+0	+2.2196925e+0	-0.3171256e-1	-1.8912748e+0	+1.9683195e+0
+2.2000000e+0	-1.1235499e+0	+3.5082002e+0	-0.7113115e+0	+4.3282685e+0
+2.3000000e+0	-0.3369069e+0	+1.9349024e+0	-1.8912748e+0	+3.5416176e+0
+2.4000000e+0	+0.2530764e+0	-2.3916397e+0	-1.3012935e+0	-0.3916176e+0
+2.5000000e+0	+2.4163547e+0	-0.4250346e+0	+0.2719935e+0	+5.3115840e+0
+2.6000000e+0	+1.0397218e+0	-2.1949794e+0	+1.6486239e+0	+7.0815573e+0
+2.7000000e+0	+1.2363834e+0	+1.5415788e+0	-1.6946144e+0	-5.8980913e+0
+2.8000000e+0	-0.9268893e+0	+0.9515939e+0	+0.2719935e+0	+1.7716577e+0
+2.9000000e+0	-1.1235499e+0	+2.1315644e+0	+0.8619775e+0	+0.3950268e+0
+3.0000000e+0	-1.3202106e+0	+2.3282263e+0	-1.1046330e+0	+2.9516301e+0
+3.1000000e+0	+2.2196925e+0	+2.7215507e+0	+3.2219210e+0	+0.8458208e+1
+3.2000000e+0	-1.7135315e+0	-1.8016590e+0	-1.8912748e+0	+2.1649816e+0
+3.3000000e+0	+1.6297069e+0	+2.3282263e+0	-0.7113115e+0	-1.3749212e+0
+3.4000000e+0	+4.1863170e+0	-0.4250346e+0	+1.6486239e+0	-1.3749212e+0
+3.5000000e+0	+5.9562860e+0	+3.1148753e+0	+3.6152461e+0	+0.3950268e+0
+3.6000000e+0	+0.5641523e-1	+1.5415788e+0	+1.6486239e+0	-1.3749212e+0
+3.7000000e+0	-0.7302286e+0	-0.3171256e-1	+0.2719935e+0	-1.3749212e+0
+3.8000000e+0	+0.4497376e+0	+0.3616098e+0	+1.8452858e+0	+4.7215943e+0
+3.9000000e+0	+4.9729691e+0	+1.1482555e+0	+0.6653161e+0	-4.7181382e+0
+4.0000000e+0	-0.3369069e+0	-0.8183562e+0	+0.6653161e+0	+2.5583057e+0
+4.1000000e+0	+0.8430604e+0	+4.2948513e+0	-1.4979540e+0	+7.6715498e+0
+4.2000000e+0	-0.3369069e+0	+0.3616098e+0	+0.6653161e+0	+4.7215943e+0
+4.3000000e+0	-0.1402458e+0	-1.2116776e+0	+0.8619775e+0	-0.3916176e+0
+4.4000000e+0	+0.2530764e+0	-2.9816196e+0	+0.0753323e+0	+3.3449550e+0
+4.5000000e+0	+3.0063412e+0	+0.3616098e+0	+0.8619775e+0	-1.5715816e+0
+4.6000000e+0	+1.0397218e+0	-1.4083381e+0	-2.0879350e+0	+0.9850110e+0
+4.7000000e+0	+3.0063412e+0	-0.3171256e-1	+2.6319339e+0	-1.9649024e+0
+4.8000000e+0	+2.2196925e+0	-1.9983193e+0	-2.2845953e+0	-1.5715816e+0
+4.9000000e+0	-2.8934922e+0	+1.5415788e+0	-0.3179897e+0	-3.9315009e+0
+5.0000000e+0	-0.3369069e+0	-0.8183562e+0	+3.6152461e+0	+0.5916881e+0
+5.1000000e+0	-1.5168711e+0	-0.8183562e+0	+1.8452858e+0	+0.3950268e+0
+5.2000000e+0	-1.9101918e+0	+0.1649486e+0	-1.6946144e+0	+0.3950268e+0
+5.3000000e+0	-2.5001724e+0	-0.2283736e+0	-2.8745754e+0	+1.5749959e+0
+5.4000000e+0	+1.0397218e+0	-0.8183562e+0	+3.6152461e+0	+4.9182577e+0
+5.5000000e+0	-2.5001724e+0	+2.5248885e+0	+0.0753323e+0	-2.1615627e+0
+5.6000000e+0	+1.8263687e+0	-0.6216955e+0	-0.3179897e+0	-0.9816000e+0
+5.7000000e+0	+0.5641523e-1	+1.7382405e+0	+0.2719935e+0	+0.1704460e-2
+5.8000000e+0	+3.0063412e+0	-0.3171256e-1	+0.4686548e+0	-2.7515428e+0
+5.9000000e+0	+2.2196925e+0	-0.2283736e+0	-2.2845953e+0	-4.9147973e+0
+6.0000000e+0	+1.2363834e+0	-0.2283736e+0	+1.6486239e+0	+1.3783342e+0
+6.1000000e+0	-0.1402458e+0	-1.8016590e+0	+0.2719935e+0	+0.7883495e+0
+6.2000000e+0	-0.9268893e+0	-0.8183562e+0	+0.0753323e+0	+0.7883495e+0
+6.3000000e+0	-0.3369069e+0	+2.1315644e+0	+0.8619775e+0	+2.9516301e+0
+6.4000000e+0	-1.9101918e+0	-1.0150169e+0	+1.0586390e+0	+1.3783342e+0
+6.5000000e+0	+2.8096790e+0	-0.2283736e+0	+0.6653161e+0	-3.1448624e+0
+6.6000000e+0	+1.0397218e+0	+1.1482555e+0	-0.9079723e+0	+1.1816726e+0
+6.7000000e+0	+1.0397218e+0	+0.5582711e+0	+3.6152461e+0	+1.1816726e+0
+6.8000000e+0	+1.6297069e+0	+1.3449171e+0	+3.8119087e+0	+0.1704460e-2
+6.9000000e+0	-1.5168711e+0	+3.5082002e+0	+0.8619775e+0	-1.1782607e+0
+7.0000000e+0	+1.2363834e+0	+2.7215507e+0	-1.6946144e+0	+1.7716577e+0
+7.1000000e+0	+2.4163547e+0	+1.1482555e+0	+3.0252585e+0	+0.3950268e+0
+7.2000000e+0	+2.0230305e+0	-1.2116776e+0	-0.9079723e+0	+2.5583057e+0
+7.3000000e+0	+1.4330450e+0	-0.2283736e+0	+0.8619775e+0	+0.5916881e+0
+7.4000000e+0	+0.6463990e+0	-2.9816196e+0	-0.7113115e+0	+0.1983656e+0
+7.5000000e+0	-1.1235499e+0	+2.5248885e+0	-0.9079723e+0	-0.1949566e+0
+7.6000000e+0	+0.4497376e+0	+0.1649486e+0	+3.2219210e+0	+2.3616436e+0
+7.7000000e+0	+0.6463990e+0	+2.3282263e+0	+3.2219210e+0	-2.5548828e+0
+7.8000000e+0	+1.2363834e+0	-0.4250346e+0	+0.4686548e+0	+0.5916881e+0
+7.9000000e+0	+2.0230305e+0	-1.2116776e+0	-2.0879350e+0	+1.1816726e+0
+0.8000000e+1	-2.5001724e+0	+0.3616098e+0	-1.6946144e+0	+1.5749959e+0
+0.8100000e+1	-0.9268893e+0	-1.2116776e+0	-1.1046330e+0	+4.9182577e+0
+0.8200000e+1	-5.0567460e+0	-0.6216955e+0	-1.3012935e+0	-0.1949566e+0
+0.8300000e+1	-1.7135315e+0	-0.8183562e+0	+2.0419478e+0	+0.7883495e+0
+0.8400000e+1	-2.1068521e+0	-1.6049986e+0	-0.7113115e+0	-3.5381818e+0
+0.8500000e+1	-3.2868118e+0	-1.2116776e+0	+1.6486239e+0	-2.5548828e+0
+0.8600000e+1	-1.5168711e+0	+3.7048628e+0	-2.6779153e+0	-3.3415222e+0
+0.8700000e+1	-1.3202106e+0	+0.5582711e+0	+0.2719935e+0	+4.7215943e+0
+0.8800000e+1	-3.2868118e+0	+1.3449171e+0	+1.0586390e+0	+2.1649816e+0
+0.8900000e+1	+1.6297069e+0	+1.1482555e+0	+0.0753323e+0	+2.5583057e+0
+0.9000000e+1	-0.7302286e+0	+0.5582711e+0	+1.6486239e+0	-2.3582227e+0
+0.9100000e+1	+3.2030036e+0	+1.9349024e+0	+0.4686548e+0	-0.9816000e+0
+0.9200000e+1	+1.8263687e+0	-1.8016590e+0	+0.6653161e+0	-0.9816000e+0
+0.9300000e+1	+0.5641523e-1	-0.6216955e+0	-2.0879350e+0	-5.3081150e+0
+0.9400000e+1	+2.4163547e+0	+2.3282263e+0	-1.6946144e+0	+1.5749959e+0
+0.9500000e+1	-1.1235499e+0	+3.3115377e+0	+1.6486239e+0	-3.3415222e+0
+0.9600000e+1	+1.0397218e+0	-3.3749390e+0	-1.1046330e+0	-0.3916176e+0
+0.9700000e+1	-0.1402458e+0	+0.9515939e+0	+2.4352717e+0	+4.1316056e+0
+0.9800000e+1	-1.3202106e+0	-0.4250346e+0	-1.4979540e+0	-1.1782607e+0
+0.9900000e+1	+2.0230305e+0	-1.9983193e+0	+0.6653161e+0	-2.7515428e+0
+1.0000000e+1	+0.8430604e+0	-2.5882998e+0	+0.0753323e+0	+1.1816726e+0
+1.0100000e+1	+3.3996661e+0	-0.2283736e+0	+1.4519622e+0	-1.5715816e+0
+1.0200000e+1	+1.6297069e+0	-0.3171256e-1	-2.0879350e+0	-0.9816000e+0
+1.0300000e+1	+0.4497376e+0	-0.2283736e+0	+2.6319339e+0	+0.1983656e+0
+1.0400000e+1	-2.1068521e+0	+0.5582711e+0	-2.0879350e+0	-1.5715816e+0
+1.0500000e+1	-1.1235499e+0	+0.9515939e+0	-0.9079723e+0	-3.3415222e+0
+1.0600000e+1	+1.6297069e+0	-1.9983193e+0	-1.3012935e+0	+3.1482925e+0
+1.0700000e+1	+0.4497376e+0	+0.9515939e+0	+0.2719935e+0	-1.9649024e+0
+1.0800000e+1	+1.6297069e+0	+2.3282263e+0	-0.9079723e+0	-1.1782607e+0
+1.0900000e+1	+0.2530764e+0	-0.8183562e+0	-1.6946144e+0	+1.3783342e+0
+1.1000000e+1	-3.0901520e+0	-0.4250346e+0	-3.6612141e+0	-4.3248196e+0
+1.1100000e+1	-0.7302286e+0	+0.9515939e+0	-1.1046330e+0	-1.3749212e+0
+1.1200000e+1	-2.8934922e+0	+3.1148753e+0	-1.1046330e+0	+3.7382803e+0
+1.1300000e+1	+1.4330450e+0	+3.7048628e+0	+0.2719935e+0	+0.7883495e+0
+1.1400000e+1	-1.1235499e+0	+0.1649486e+0	-1.6946144e+0	+0.1704460e-2
+1.1500000e+1	+2.2196925e+0	+4.8848405e+0	-1.1046330e+0	-1.7682420e+0
+1.1600000e+1	+1.2363834e+0	+3.5082002e+0	-7.2010727e+0	-2.3582227e+0
+1.1700000e+1	+0.8430604e+0	+0.3616098e+0	-4.0545330e+0	+0.9850110e+0
+1.1800000e+1	+3.3996661e+0	+5.8681569e+0	-0.9167649e+1	+2.7549679e+0
+1.1900000e+1	+4.3829799e+0	+0.8424790e+1	-1.4084055e+1	-0.1949566e+0
+1.2000000e+1	+7.3329329e+0	+0.9801445e+1	-1.4280710e+1	-3.7348413e+0
+1.2100000e+1	+0.9496244e+1	+1.0194776e+1	-1.2707466e+1	+0.1704460e-2
+1.2200000e+1	+1.0086240e+1	+1.3538098e+1	-1.5067329e+1	-1.9649024e+0
+1.2300000e+1	+0.8119591e+1	+1.1768101e+1	-1.6443911e+1	-2.3582227e+0
+1.2400000e+1	+0.8709584e+1	+1.2554766e+1	-1.5263985e+1	-0.5882785e+0
+1.2500000e+1	+0.9496244e+1	+1.2751432e+1	-1.7820488e+1	-4.1281605e+0
+1.2600000e+1	+7.5295973e+0	+1.1178103e+1	-1.5460639e+1	-3.3415222e+0
+1.2700000e+1	+7.3329329e+0	+1.0784772e+1	-1.9393715e+1	+0.5916881e+0
+1.2800000e+1	+0.9102914e+1	+1.0588106e+1	-1.4870675e+1	-5.8980913e+0
+1.2900000e+1	+0.8119591e+1	+1.2554766e+1	-1.7033873e+1	-3.7348413e+0
+1.3000000e+1	+6.3496132e+0	+1.1178103e+1	-1.8213795e+1	+2.7549679e+0
+1.3100000e+1	+0.8906249e+1	+1.1964767e+1	-1.5067329e+1	-0.7849393e+0
+1.3200000e+1	+7.1362691e+0	+1.2751432e+1	-1.5657293e+1	+0.7883495e+0
+1.3300000e+1	+0.9299579e+1	+1.0391440e+1	-1.3887400e+1	+0.5916881e+0
+1.3400000e+1	+0.9299579e+1	+1.1768101e+1	-1.6247257e+1	-4.5214791e+0
+1.3500000e+1	+0.8316255e+1	+1.2358099e+1	-1.6640566e+1	-5.7014327e+0
+1.3600000e+1	+0.9692909e+1	+0.9014785e+1	-1.7033873e+1	-7.2746997e+0
+1.3700000e+1	+6.7429409e+0	+0.9014785e+1	-1.6837219e+1	-5.1114559e+0
+1.3800000e+1	+1.2249563e+1	+1.0784772e+1	-1.4674020e+1	-0.9816000e+0
+1.3900000e+1	+0.8709584e+1	+0.9014785e+1	-1.6247257e+1	-0.3916176e+0
+1.4000000e+1	+0.8906249e+1	+0.9408114e+1	-1.7623835e+1	+5.1149206e+0
+1.4100000e+1	+1.0479570e+1	+1.1178103e+1	-1.2904122e+1	-4.3248196e+0
+1.4200000e+1	+7.5295973e+0	+0.9801445e+1	-1.7427181e+1	+5.1149206e+0
+1.4300000e+1	+6.7429409e+0	+1.0784772e+1	-1.7033873e+1	+0.1983656e+0
+1.4400000e+1	+6.7429409e+0	+1.1374769e+1	-1.7230528e+1	-4.9147973e+0
+1.4500000e+1	+0.8709584e+1	+1.1964767e+1	-1.7623835e+1	-1.5715816e+0
+1.4600000e+1	+1.0872902e+1	+1.0981438e+1	-1.4674020e+1	-5.1114559e+0
+1.4700000e+1	+7.3329329e+0	+1.2948099e+1	-1.6050602e+1	-0.7849393e+0
+1.4800000e+1	+7.1362691e+0	+0.9408114e+1	-1.5460639e+1	-0.1949566e+0
+1.4900000e+1	+0.8316255e+1	+0.8621455e+1	-1.4870675e+1	+1.3783342e+0
+1.5000000e+1	+0.8906249e+1	+1.4324766e+1	-1.5460639e+1	-1.1782607e+0
+1.5100000e+1	+1.1462899e+1	+0.9604779e+1	-1.8803755e+1	+0.7883495e+0
+1.5200000e+1	+6.7429409e+0	+1.2948099e+1	-1.5460639e+1	-3.7348413e+0
+1.5300000e+1	+7.5295973e+0	+1.1768101e+1	-1.5460639e+1	-1.7682420e+0
+1.5400000e+1	+4.7763057e+0	+1.1178103e+1	-1.5657293e+1	-6.0947499e+0
+1.5500000e+1	+0.8119591e+1	+1.2948099e+1	-1.8803755e+1	-0.7849393e+0
+1.5600000e+1	+7.3329329e+0	+1.1571435e+1	-1.9590368e+1	-4.7181382e+0
+1.5700000e+1	+1.1266233e+1	+1.1178103e+1	-1.9590368e+1	-3.1448624e+0
+1.5800000e+1	+0.8709584e+1	+1.2751432e+1	-1.5853948e+1	-4.7181382e+0
+1.5900000e+1	+1.0676236e+1	+1.1571435e+1	-1.5067329e+1	-0.9816000e+0
+1.6000000e+1	+1.0676236e+1	+0.9998110e+1	-1.4870675e+1	-0.5882785e+0
+1.6100000e+1	+1.1266233e+1	+1.2948099e+1	-1.3690744e+1	-2.5548828e+0
+1.6200000e+1	+6.3496132e+0	+1.0194776e+1	-1.6640566e+1	+0.1983656e+0
+1.6300000e+1	+0.8906249e+1	+0.9801445e+1	-1.5657293e+1	-1.5715816e+0
+1.6400000e+1	+0.8906249e+1	+1.1374769e+1	-1.4084055e+1	-3.5381818e+0
+1.6500000e+1	+5.9562860e+0	+7.8347969e+0	-1.5460639e+1	-3.1448624e+0
+1.6600000e+1	+7.3329329e+0	+7.2448039e+0	-1.5460639e+1	-0.1949566e+0
+1.6700000e+1	+5.1696324e+0	+1.1964767e+1	-1.7623835e+1	-2.3582227e+0
+1.6800000e+1	+1.0676236e+1	+1.3144765e+1	-1.2904122e+1	+0.1983656e+0
+1.6900000e+1	+7.9229259e+0	+1.3734765e+1	-1.6247257e+1	-1.1782607e+0
+1.7000000e+1	+7.9229259e+0	+1.4718101e+1	-1.1920843e+1	-2.9482026e+0
+1.7100000e+1	+7.3329329e+0	+1.2948099e+1	-1.3297433e+1	-6.8813834e+0
+1.7200000e+1	+0.8316255e+1	+1.0391440e+1	-1.5657293e+1	-2.3582227e+0
+1.7300000e+1	+0.8709584e+1	+1.4324766e+1	-1.6050602e+1	-2.9482026e+0
+1.7400000e+1	+4.9729691e+0	+1.0391440e+1	-1.8803755e+1	-3.1448624e+0
+1.7500000e+1	+0.8512919e+1	+1.2161433e+1	-1.5853948e+1	-4.3248196e+0
+1.7600000e+1	+0.9692909e+1	+1.1374769e+1	-1.2904122e+1	-1.7682420e+0
+1.7700000e+1	+0.9299579e+1	+1.0391440e+1	-1.6247257e+1	-3.3415222e+0
+1.7800000e+1	+7.1362691e+0	+0.9211450e+1	-1.7230528e+1	-2.9482026e+0
+1.7900000e+1	+1.0479570e+1	+1.2751432e+1	-1.5853948e+1	+0.7883495e+0
+1.8000000e+1	+5.1696324e+0	+0.8621455e+1	-1.5460639e+1	-1.3749212e+0
+1.8100000e+1	+5.9562860e+0	+1.3931433e+1	-1.5067329e+1	-1.3749212e+0
+1.8200000e+1	+0.9102914e+1	+0.9801445e+1	-1.5263985e+1	-2.7515428e+0
+1.8300000e+1	+6.5462770e+0	+1.2358099e+1	-1.6640566e+1	-4.7181382e+0
+1.8400000e+1	+6.7429409e+0	+1.1178103e+1	-1.7427181e+1	-1.5715816e+0
+1.8500000e+1	+5.7596226e+0	+0.9998110e+1	-1.7427181e+1	-5.3081150e+0
+1.8600000e+1	+1.0086240e+1	+1.0981438e+1	-1.6443911e+1	-2.3582227e+0
+1.8700000e+1	+0.9496244e+1	+1.2554766e+1	-1.4870675e+1	-1.9649024e+0
+1.8800000e+1	+7.5295973e+0	+1.4324766e+1	-1.5853948e+1	-3.1448624e+0
+1.8900000e+1	+3.9896541e+0	+0.9014785e+1	-1.8017141e+1	-2.9482026e+0
+1.9000000e+1	+0.9299579e+1	+1.2751432e+1	-1.7230528e+1	-3.1448624e+0
+1.9100000e+1	+0.8119591e+1	+1.1571435e+1	-1.3690744e+1	-0.9816000e+0
+1.9200000e+1	+7.9229259e+0	+1.2358099e+1	-1.3100778e+1	-3.3415222e+0
+1.9300000e+1	+0.9692909e+1	+0.9998110e+1	-1.6247257e+1	-1.3749212e+0
+1.9400000e+1	+7.9229259e+0	+1.3341432e+1	-1.7230528e+1	-2.3582227e+0
+1.9500000e+1	+0.9102914e+1	+1.0588106e+1	-1.9590368e+1	-2.1615627e+0
+1.9600000e+1	+7.7262616e+0	+0.8031461e+1	-1.7820488e+1	-1.3749212e+0
+1.9700000e+1	+7.5295973e+0	+0.9998110e+1	-1.6247257e+1	-2.9482026e+0
+1.9800000e+1	+0.9102914e+1	+1.1768101e+1	-1.8607101e+1	+2.1649816e+0
+1.9900000e+1	+7.1362691e+0	+0.9408114e+1	-1.4280710e+1	+0.5916881e+0
+2.0000000e+1	+1.0282905e+1	+1.1571435e+1	-1.8213795e+1	-0.3916176e+0
+2.0100000e+1	+5.5629587e+0	+0.9998110e+1	-1.5657293e+1	-3.1448624e+0
+2.0200000e+1	+1.2839562e+1	+0.9211450e+1	-1.6837219e+1	-0.9816000e+0
+2.0300000e+1	+0.8906249e+1	+1.3144765e+1	-1.6247257e+1	+1.5749959e+0
+2.0400000e+1	+0.8512919e+1	+0.9998110e+1	-1.6050602e+1	-3.3415222e+0
+2.0500000e+1	+1.1659565e+1	+1.1768101e+1	-1.6050602e+1	-1.7682420e+0
+2.0600000e+1	+6.9396048e+0	+1.3734765e+1	-1.3887400e+1	-0.9816000e+0
+2.0700000e+1	+0.8906249e+1	+0.9801445e+1	-1.7033873e+1	-3.5381818e+0
+2.0800000e+1	+5.7596226e+0	+0.8228126e+1	-1.6837219e+1	+0.1983656e+0
+2.0900000e+1	+0.9299579e+1	+0.9604779e+1	-1.4870675e+1	+1.3783342e+0
+2.1000000e+1	+7.3329329e+0	+1.1178103e+1	-1.4870675e+1	+0.3950268e+0
+2.1100000e+1	+0.8512919e+1	+1.1178103e+1	-1.7427181e+1	-1.3749212e+0
+2.1200000e+1	+0.8709584e+1	+0.9211450e+1	-1.6837219e+1	-1.3749212e+0
+2.1300000e+1	+0.8906249e+1	+1.4521434e+1	-1.6247257e+1	-2.7515428e+0
+2.1400000e+1	+7.7262616e+0	+1.1571435e+1	-1.6640566e+1	-0.8454646e+1
+2.1500000e+1	+0.9692909e+1	+0.9998110e+1	-1.5263985e+1	-2.5548828e+0
+2.1600000e+1	+1.1266233e+1	+0.9801445e+1	-1.6837219e+1	+0.5916881e+0
+2.1700000e+1	+1.0872902e+1	+1.2161433e+1	-1.6050602e+1	+3.5416176e+0
+2.1800000e+1	+0.8512919e+1	+1.0391440e+1	-1.5657293e+1	+3.7382803e+0
+2.1900000e+1	+0.9692909e+1	+1.2948099e+1	-1.7427181e+1	-1.3749212e+0
+2.2000000e+1	+0.8316255e+1	+1.1178103e+1	-1.4477365e+1	-3.5381818e+0
+2.2100000e+1	+0.8512919e+1	+0.9998110e+1	-1.6247257e+1	+2.1649816e+0
+2.2200000e+1	+1.0086240e+1	+0.9014785e+1	-1.4280710e+1	-0.5882785e+0
+2.2300000e+1	+6.7429409e+0	+1.0784772e+1	-1.4477365e+1	+2.5583057e+0
+2.2400000e+1	+1.1659565e+1	+1.3341432e+1	-1.4280710e+1	-5.3081150e+0
+2.2500000e+1	+1.0872902e+1	+1.1374769e+1	-1.5460639e+1	+0.7883495e+0
+2.2600000e+1	+6.3496132e+0	+1.3538098e+1	-1.7623835e+1	+0.1704460e-2
+2.2700000e+1	+7.5295973e+0	+0.8818120e+1	-1.5460639e+1	-4.5214791e+0
+2.2800000e+1	+1.1659565e+1	+1.6488110e+1	-1.9983673e+1	-0.9816000e+0
+2.2900000e+1	+1.4019563e+1	+1.7668119e+1	-2.1556892e+1	-4.5214791e+0
+2.3000000e+1	+1.3036229e+1	+1.9438139e+1	-2.5096615e+1	-2.9482026e+0
+2.3100000e+1	+1.6772909e+1	+2.1208166e+1	-2.9422907e+1	-0.8847961e+1
+2.3200000e+1	+1.9722940e+1	+2.6124941e+1	-3.0012854e+1	-6.6847253e+0
+2.3300000e+1	+1.7952919e+1	+2.7698320e+1	-3.3749161e+1	-1.0224561e+1
+2.3400000e+1	+1.7952919e+1	+2.6714958e+1	-3.1192743e+1	-4.5214791e+0
+2.3500000e+1	+1.6969576e+1	+2.4354897e+1	-3.2765923e+1	-0.9634590e+1
+2.3600000e+1	+1.7166245e+1	+2.6518286e+1	-3.4142452e+1	-5.8980913e+0
+2.3700000e+1	+1.8542925e+1	+2.4354897e+1	-3.0799446e+1	-6.6847253e+0
+2.3800000e+1	+1.9132933e+1	+2.3568213e+1	-3.8272018e+1	-1.1994469e+1
+2.3900000e+1	+1.7362913e+1	+2.4551567e+1	-3.4339100e+1	-7.8646731e+0
+2.4000000e+1	+1.8936264e+1	+2.4158226e+1	-3.3355865e+1	-5.5047736e+0
+2.4100000e+1	+1.8936264e+1	+2.9075031e+1	-3.1586039e+1	-0.9816000e+0
+2.4200000e+1	+1.7756250e+1	+2.5338255e+1	-3.3749161e+1	-4.9147973e+0
+2.4300000e+1	+1.7756250e+1	+2.3568213e+1	-3.2175983e+1	-7.2746997e+0
+2.4400000e+1	+1.7166245e+1	+2.4551567e+1	-2.9816204e+1	-0.9831247e+1
+2.4500000e+1	+1.8149588e+1	+2.6124941e+1	-3.0602798e+1	-5.8980913e+0
+2.4600000e+1	+1.7559582e+1	+2.8091667e+1	-3.1389391e+1	-2.7515428e+0
+2.4700000e+1	+1.8542925e+1	+2.3174870e+1	-3.4339100e+1	-4.1281605e+0
+2.4800000e+1	+1.5789569e+1	+2.2191517e+1	-3.2175983e+1	-3.5381818e+0
+2.4900000e+1	+1.9132933e+1	+2.2781528e+1	-3.2175983e+1	-7.6680155e+0
+2.5000000e+1	+1.7166245e+1	+2.6124941e+1	-3.3749161e+1	-2.1615627e+0
+2.5100000e+1	+1.8346256e+1	+2.5338255e+1	-3.6108917e+1	-0.8257989e+1
+2.5200000e+1	+1.4019563e+1	+2.5928270e+1	-3.6895500e+1	-5.3081150e+0
+2.5300000e+1	+1.5789569e+1	+2.4748240e+1	-3.4732395e+1	-1.7682420e+0
+2.5400000e+1	+1.7559582e+1	+2.5141582e+1	-3.3159218e+1	-2.1615627e+0
+2.5500000e+1	+1.8346256e+1	+2.4354897e+1	-3.3945808e+1	-7.4713573e+0
+2.5600000e+1	+1.4609564e+1	+2.2978199e+1	-3.4929039e+1	-6.4880667e+0
+2.5700000e+1	+1.5592901e+1	+2.3961554e+1	-3.2765923e+1	-4.9147973e+0
+2.5800000e+1	+1.7756250e+1	+2.4354897e+1	-3.2765923e+1	-4.7181382e+0
+2.5900000e+1	+1.7362913e+1	+2.6714958e+1	-3.4535748e+1	-1.5715816e+0
+2.6000000e+1	+1.7756250e+1	+2.7698320e+1	-3.0012854e+1	-5.3081150e+0
+2.6100000e+1	+1.8542925e+1	+2.6714958e+1	-3.1389391e+1	-2.5548828e+0
+2.6200000e+1	+1.7166245e+1	+2.8288340e+1	-3.0996096e+1	-2.5548828e+0
+2.6300000e+1	+1.6772909e+1	+2.5534925e+1	-3.0799446e+1	-3.1448624e+0
+2.6400000e+1	+1.8936264e+1	+2.4551567e+1	-3.5518978e+1	-7.0780416e+0
+2.6500000e+1	+1.5986237e+1	+2.4354897e+1	-3.4142452e+1	-0.8454646e+1
+2.6600000e+1	+1.7756250e+1	+2.7108303e+1	-3.3159218e+1	-5.3081150e+0
+2.6700000e+1	+1.8542925e+1	+2.4158226e+1	-3.1389391e+1	-6.8813834e+0
+2.6800000e+1	+1.3626229e+1	+2.6321613e+1	-3.3749161e+1	-0.8061331e+1
+2.6900000e+1	+1.7756250e+1	+2.7894993e+1	-3.5125687e+1	-4.9147973e+0
+2.7000000e+1	+1.4609564e+1	+2.4354897e+1	-3.2175983e+1	-7.6680155e+0
+2.7100000e+1	+1.8346256e+1	+2.3961554e+1	-3.2372631e+1	-3.3415222e+0
+2.7200000e+1	+1.6772909e+1	+2.4551567e+1	-3.2372631e+1	-0.9241276e+1
+2.7300000e+1	+1.7756250e+1	+2.3961554e+1	-3.2962570e+1	+1.3783342e+0
+2.7400000e+1	+1.7166245e+1	+2.7304976e+1	-3.3945808e+1	-3.9315009e+0
+2.7500000e+1	+1.3036229e+1	+2.4354897e+1	-3.3355865e+1	-4.3248196e+0
+2.7600000e+1	+1.6969576e+1	+2.5928270e+1	-3.2372631e+1	-5.7014327e+0
+2.7700000e+1	+1.2839562e+1	+2.3764883e+1	-3.1389391e+1	-3.1448624e+0
+2.7800000e+1	+1.6379572e+1	+2.4158226e+1	-3.4535748e+1	-0.9437933e+1
+2.7900000e+1	+1.5592901e+1	+2.5928270e+1	-3.4339100e+1	-5.5047736e+0
+2.8000000e+1	+2.0706287e+1	+2.6518286e+1	-3.5125687e+1	-2.3582227e+0
+2.8100000e+1	+1.6379572e+1	+2.3764883e+1	-3.0996096e+1	-3.9315009e+0
+2.8200000e+1	+1.5592901e+1	+2.4748240e+1	-3.2372631e+1	-5.8980913e+0
+2.8300000e+1	+1.7362913e+1	+2.3764883e+1	-3.6108917e+1	-7.8646731e+0
+2.8400000e+1	+1.4412897e+1	+2.6911631e+1	-3.3159218e+1	-6.8813834e+0
+2.8500000e+1	+1.7559582e+1	+2.2191517e+1	-3.2962570e+1	-2.1615627e+0
+2.8600000e+1	+1.6772909e+1	+2.3961554e+1	-3.3552513e+1	-7.4713573e+0
+2.8700000e+1	+1.6772909e+1	+2.7304976e+1	-3.4732395e+1	-3.7348413e+0
+2.8800000e+1	+1.5199566e+1	+2.0028147e+1	-3.3749161e+1	-7.0780416e+0
+2.8900000e+1	+1.5789569e+1	+2.6714958e+1	-3.5518978e+1	-4.9147973e+0
+2.9000000e+1	+1.7756250e+1	+2.8485012e+1	-3.5125687e+1	-2.5548828e+0
+2.9100000e+1	+1.6969576e+1	+2.4944910e+1	-3.3749161e+1	-3.7348413e+0
+2.9200000e+1	+1.5789569e+1	+2.3764883e+1	-3.4535748e+1	-7.0780416e+0
+2.9300000e+1	+1.4609564e+1	+2.5338255e+1	-3.4142452e+1	-5.3081150e+0
+2.9400000e+1	+1.5789569e+1	+2.5141582e+1	-3.3552513e+1	-6.4880667e+0
+2.9500000e+1	+1.6379572e+1	+2.7304976e+1	-3.1979334e+1	-2.5548828e+0
+2.9600000e+1	+1.9919609e+1	+2.8288340e+1	-3.2175983e+1	-7.4713573e+0
+2.9700000e+1	+1.8149588e+1	+2.7501648e+1	-2.9816204e+1	-2.1615627e+0
+2.9800000e+1	+2.0116280e+1	+2.4944910e+1	-3.1389391e+1	-2.9482026e+0
+2.9900000e+1	+1.5986237e+1	+2.3174870e+1	-3.4535748e+1	-1.0421218e+1
+3.0000000e+1	+1.6576241e+1	+2.4354897e+1	-3.3749161e+1	-5.5047736e+0
+3.0100000e+1	+1.7952919e+1	+2.2781528e+1	-3.3749161e+1	-0.8454646e+1
+3.0200000e+1	+1.9329601e+1	+2.5731598e+1	-3.3749161e+1	-3.3415222e+0
+3.0300000e+1	+1.6182905e+1	+2.8681684e+1	-3.1192743e+1	-3.3415222e+0
+3.0400000e+1	+2.0312948e+1	+2.3568213e+1	-3.2962570e+1	-2.3582227e+0
+3.0500000e+1	+1.8542925e+1	+3.0058399e+1	-3.0406151e+1	-4.7181382e+0
+3.0600000e+1	+1.4609564e+1	+2.4551567e+1	-3.3945808e+1	+0.1983656e+0
+3.0700000e+1	+1.6772909e+1	+2.6714958e+1	-3.3945808e+1	-0.8651304e+1
+3.0800000e+1	+1.6969576e+1	+2.4944910e+1	-3.2372631e+1	-7.8646731e+0
+3.0900000e+1	+1.6969576e+1	+2.2388187e+1	-3.2962570e+1	-3.1448624e+0
+3.1000000e+1	+1.9919609e+1	+2.5928270e+1	-3.3159218e+1	-3.5381818e+0
+3.1100000e+1	+1.5789569e+1	+2.5534925e+1	-3.3749161e+1	-6.2914085e+0
+3.1200000e+1	+1.5986237e+1	+2.4551567e+1	-3.0996096e+1	-3.3415222e+0
+3.1300000e+1	+1.8936264e+1	+2.4748240e+1	-3.3945808e+1	-3.5381818e+0
+3.1400000e+1	+1.7362913e+1	+2.3961554e+1	-3.2372631e+1	-2.7515428e+0
+3.1500000e+1	+1.6772909e+1	+2.7304976e+1	-3.1782686e+1	-5.8980913e+0
+3.1600000e+1	+1.4806231e+1	+2.5928270e+1	-3.5912270e+1	-7.2746997e+0
+3.1700000e+1	+1.6379572e+1	+2.2191517e+1	-3.0602798e+1	-0.1949566e+0
+3.1800000e+1	+1.5002899e+1	+2.7501648e+1	-3.1192743e+1	-3.7348413e+0
+3.1900000e+1	+1.5986237e+1	+2.3961554e+1	-3.5912270e+1	-3.3415222e+0
+3.2000000e+1	+1.8739594e+1	+2.1994846e+1	-3.1782686e+1	-6.6847253e+0
+3.2100000e+1	+1.7362913e+1	+2.6321613e+1	-3.3159218e+1	-1.9649024e+0
+3.2200000e+1	+1.7362913e+1	+2.5141582e+1	-3.6108917e+1	-2.3582227e+0
+3.2300000e+1	+1.5986237e+1	+2.5534925e+1	-3.3749161e+1	-4.3248196e+0
+3.2400000e+1	+1.6182905e+1	+2.4158226e+1	-3.4142452e+1	-5.7014327e+0
+3.2500000e+1	+1.6772909e+1	+2.4748240e+1	-3.0602798e+1	-4.3248196e+0
+3.2600000e+1	+1.6379572e+1	+2.4748240e+1	-3.3749161e+1	-4.3248196e+0
+3.2700000e+1	+1.6969576e+1	+2.3371540e+1	-3.2175983e+1	-2.5548828e+0
+3.2800000e+1	+1.7952919e+1	+2.5141582e+1	-3.1192743e+1	-6.4880667e+0
+3.2900000e+1	+1.6379572e+1	+2.8288340e+1	-3.2962570e+1	-6.6847253e+0
+3.3000000e+1	+1.7362913e+1	+2.5928270e+1	-3.2962570e+1	-6.4880667e+0
+3.3100000e+1	+1.5986237e+1	+2.6518286e+1	-3.0602798e+1	-2.1615627e+0
+3.3200000e+1	+1.6379572e+1	+2.4354897e+1	-3.4535748e+1	-6.4880667e+0
+3.3300000e+1	+1.6772909e+1	+2.5534925e+1	-3.4339100e+1	-5.1114559e+0
+3.3400000e+1	+1.6379572e+1	+2.7108303e+1	-3.1389391e+1	-3.7348413e+0
+3.3500000e+1	+1.5396234e+1	+2.5141582e+1	-3.0996096e+1	-3.3415222e+0
+3.3600000e+1	+1.6379572e+1	+2.7698320e+1	-3.1586039e+1	-4.3248196e+0
+3.3700000e+1	+1.8346256e+1	+2.4551567e+1	-3.1782686e+1	+0.3950268e+0
+3.3800000e+1	+1.6576241e+1	+2.3568213e+1	-3.0602798e+1	-7.8646731e+0
+3.3900000e+1	+1.7166245e+1	+2.4944910e+1	-3.2175983e+1	-1.7682420e+0
+3.4000000e+1	+1.5986237e+1	+2.9075031e+1	-3.5518978e+1	-5.5047736e+0
+3.4100000e+1	+1.7952919e+1	+2.6124941e+1	-3.2962570e+1	-0.9831247e+1
+3.4200000e+1	+1.8542925e+1	+2.9468378e+1	-3.5912270e+1	+0.3950268e+0
+3.4300000e+1	+2.1492968e+1	+3.2025139e+1	-3.9255241e+1	-4.1281605e+0
+3.4400000e+1	+2.5033043e+1	+3.5171944e+1	-4.1811615e+1	-7.6680155e+0
+3.4500000e+1	+2.7196436e+1	+3.6548676e+1	-4.9873932e+1	-6.4880667e+0
+3.4600000e+1	+2.8769819e+1	+4.2842365e+1	-5.6363010e+1	-0.9437933e+1
+3.4700000e+1	+2.9949860e+1	+4.4022442e+1	-5.2430244e+1	-0.8847961e+1
+3.4800000e+1	+2.9163166e+1	+4.4809162e+1	-5.7346195e+1	-6.2914085e+0
+3.4900000e+1	+3.3489998e+1	+4.4219120e+1	-5.7346195e+1	-1.0814531e+1
+3.5000000e+1	+3.0539881e+1	+4.5399200e+1	-5.2626884e+1	-0.8651304e+1
+3.5100000e+1	+3.1523251e+1	+4.5202518e+1	-5.5969734e+1	-0.9634590e+1
+3.5200000e+1	+3.3293324e+1	+4.3432404e+1	-5.5773098e+1	-5.5047736e+0
+3.5300000e+1	+3.1719925e+1	+4.5989243e+1	-5.6952923e+1	-1.1404500e+1
+3.5400000e+1	+2.8376472e+1	+4.6579285e+1	-5.8132744e+1	-7.2746997e+0
+3.5500000e+1	+3.0736555e+1	+4.5989243e+1	-5.5773098e+1	-1.3371059e+1
+3.5600000e+1	+2.8966492e+1	+4.3432404e+1	-5.6559647e+1	-1.1404500e+1
+3.5700000e+1	+3.1916599e+1	+4.2449009e+1	-5.7542835e+1	-7.4713573e+0
+3.5800000e+1	+3.0539881e+1	+4.4612480e+1	-5.6756287e+1	-7.6680155e+0
+3.5900000e+1	+3.1719925e+1	+4.6185921e+1	-5.4003357e+1	-7.8646731e+0
+3.6000000e+1	+2.6999763e+1	+4.4219120e+1	-5.4986546e+1	-3.7348413e+0
+3.6100000e+1	+2.8769819e+1	+4.8152729e+1	-5.4593269e+1	-1.2584436e+1
+3.6200000e+1	+3.1719925e+1	+4.9726185e+1	-5.7542835e+1	-6.6847253e+0
+3.6300000e+1	+2.9359838e+1	+4.6185921e+1	-5.5969734e+1	-0.9634590e+1
+3.6400000e+1	+3.1719925e+1	+4.2252327e+1	-5.4986546e+1	-4.9147973e+0
+3.6500000e+1	+3.3686672e+1	+4.5399200e+1	-5.9902470e+1	-1.1994469e+1
+3.6600000e+1	+3.0343206e+1	+4.1662292e+1	-5.7542835e+1	-1.6714190e+1
+3.6700000e+1	+2.9359838e+1	+4.5399200e+1	-5.9312561e+1	-1.0814531e+1
+3.6800000e+1	+2.9753185e+1	+4.3039043e+1	-5.4986546e+1	-5.7014327e+0
+3.6900000e+1	+3.0146532e+1	+4.7366005e+1	-5.8526016e+1	-1.2781093e+1
+3.7000000e+1	+3.4866726e+1	+4.4612480e+1	-5.8329380e+1	-6.6847253e+0
+3.7100000e+1	+3.1916599e+1	+4.7956051e+1	-5.8329380e+1	+0.5916881e+0
+3.7200000e+1	+3.2113274e+1	+4.6972645e+1	-5.4396633e+1	-7.8646731e+0
+3.7300000e+1	+3.0736555e+1	+4.2449009e+1	-5.9312561e+1	-1.4354336e+1
+3.7400000e+1	+3.0736555e+1	+4.7759369e+1	-5.5576462e+1	-0.8847961e+1
+3.7500000e+1	+2.9163166e+1	+4.3629082e+1	-5.6952923e+1	-1.0814531e+1
+3.7600000e+1	+3.3293324e+1	+4.8742775e+1	-5.9115925e+1	-1.1797812e+1
+3.7700000e+1	+3.0933229e+1	+4.4415802e+1	-5.9312561e+1	-1.0027904e+1
+3.7800000e+1	+3.1916599e+1	+5.1299641e+1	-5.7149559e+1	-0.8454646e+1
+3.7900000e+1	+3.2309948e+1	+4.5989243e+1	-5.5576462e+1	-1.6910845e+1
+3.8000000e+1	+3.2309948e+1	+4.7366005e+1	-5.8132744e+1	-3.3415222e+0
+3.8100000e+1	+2.8573145e+1	+4.5399200e+1	-5.6363010e+1	-5.7014327e+0
+3.8200000e+1	+2.9949860e+1	+4.4415802e+1	-5.5379822e+1	-1.3764370e+1
+3.8300000e+1	+3.0933229e+1	+4.6579285e+1	-5.6166374e+1	-0.9241276e+1
+3.8400000e+1	+3.0933229e+1	+4.3432404e+1	-5.9115925e+1	-1.0617874e+1
+3.8500000e+1	+3.4276699e+1	+4.2449009e+1	-5.6756287e+1	-1.1404500e+1
+3.8600000e+1	+3.1129902e+1	+4.0482224e+1	-5.8132744e+1	-7.4713573e+0
+3.8700000e+1	+3.2113274e+1	+4.4219120e+1	-5.5773098e+1	-1.3764370e+1
+3.8800000e+1	+3.2309948e+1	+4.4415802e+1	-5.4986546e+1	-7.2746997e+0
+3.8900000e+1	+2.9753185e+1	+4.3235725e+1	-6.0099106e+1	-0.8651304e+1
+3.9000000e+1	+3.2309948e+1	+4.6382603e+1	-5.5773098e+1	-5.7014327e+0
+3.9100000e+1	+3.1916599e+1	+4.7366005e+1	-5.6166374e+1	-6.8813834e+0
+3.9200000e+1	+3.1719925e+1	+4.4219120e+1	-5.4003357e+1	-0.8061331e+1
+3.9300000e+1	+3.2309948e+1	+4.5792561e+1	-5.5969734e+1	-3.3415222e+0
+3.9400000e+1	+3.1129902e+1	+4.7562687e+1	-5.6952923e+1	-6.4880667e+0
+3.9500000e+1	+3.1129902e+1	+4.1465614e+1	-5.8329380e+1	-0.9816000e+0
+3.9600000e+1	+3.3096649e+1	+4.5595882e+1	-5.3020161e+1	-1.1011188e+1
+3.9700000e+1	+3.3489998e+1	+4.4612480e+1	-5.8132744e+1	-4.7181382e+0
+3.9800000e+1	+3.2309948e+1	+4.4612480e+1	-5.4986546e+1	-0.8454646e+1
+3.9900000e+1	+3.0539881e+1	+4.8742775e+1	-5.9312561e+1	+0.1983656e+0
+4.0000000e+1	+3.1916599e+1	+4.5595882e+1	-5.9312561e+1	-1.1207844e+1
+4.0100000e+1	+3.4080025e+1	+4.6382603e+1	-5.5576462e+1	-1.1011188e+1
+4.0200000e+1	+2.9163166e+1	+4.3432404e+1	-5.5773098e+1	-6.2914085e+0
+4.0300000e+1	+3.2309948e+1	+4.5989243e+1	-5.6952923e+1	-1.0027904e+1
+4.0400000e+1	+3.3293324e+1	+4.2842365e+1	-5.5773098e+1	-1.2387781e+1
+4.0500000e+1	+3.0539881e+1	+4.7366005e+1	-5.8132744e+1	-1.1994469e+1
+4.0600000e+1	+3.1916599e+1	+4.7759369e+1	-5.6952923e+1	-7.8646731e+0
+4.0700000e+1	+3.1916599e+1	+4.6185921e+1	-6.0295742e+1	+0.3950268e+0
+4.0800000e+1	+3.3489998e+1	+4.7956051e+1	-5.8329380e+1	-6.8813834e+0
+4.0900000e+1	+3.0343206e+1	+4.3629082e+1	-5.9312561e+1	-0.8651304e+1
+4.1000000e+1	+3.2506622e+1	+4.7956051e+1	-5.7936108e+1	-1.2781093e+1
+4.1100000e+1	+3.1719925e+1	+4.5595882e+1	-5.9115925e+1	-7.0780416e+0
+4.1200000e+1	+2.9753185e+1	+4.5989243e+1	-5.4396633e+1	-1.0814531e+1
+4.1300000e+1	+3.3293324e+1	+4.8349411e+1	-5.5969734e+1	-1.1601156e+1
+4.1400000e+1	+2.9359838e+1	+4.7366005e+1	-5.5773098e+1	-1.0421218e+1
+4.1500000e+1	+3.2899975e+1	+4.5792561e+1	-5.6166374e+1	-1.1011188e+1
+4.1600000e+1	+3.1326576e+1	+4.7759369e+1	-5.3610077e+1	-1.0814531e+1
+4.1700000e+1	+3.2703300e+1	+4.4415802e+1	-5.7346195e+1	-4.1281605e+0
+4.1800000e+1	+3.1916599e+1	+4.3432404e+1	-5.7936108e+1	-0.8061331e+1
+4.1900000e+1	+3.0146532e+1	+4.7562687e+1	-5.6559647e+1	-7.0780416e+0
+4.2000000e+1	+3.1916599e+1	+4.4415802e+1	-5.4003357e+1	-0.9044619e+1
+4.2100000e+1	+3.1523251e+1	+4.5202518e+1	-5.6952923e+1	-1.1797812e+1
+4.2200000e+1	+3.1326576e+1	+4.6185921e+1	-5.5773098e+1	-6.4880667e+0
+4.2300000e+1	+3.1719925e+1	+4.6185921e+1	-5.9509197e+1	-6.4880667e+0
+4.2400000e+1	+2.9753185e+1	+4.3432404e+1	-5.5773098e+1	-5.5047736e+0
+4.2500000e+1	+3.1719925e+1	+4.5202518e+1	-5.8132744e+1	-0.8061331e+1
+4.2600000e+1	+2.9556513e+1	+4.4809162e+1	-6.1278919e+1	-3.5381818e+0
+4.2700000e+1	+3.0736555e+1	+4.3629082e+1	-5.3020161e+1	-1.2584436e+1
+4.2800000e+1	+2.7196436e+1	+4.2842365e+1	-5.5969734e+1	-1.0224561e+1
+4.2900000e+1	+3.1719925e+1	+4.1268936e+1	-5.6952923e+1	-1.2191125e+1
+4.3000000e+1	+3.0343206e+1	+4.6185921e+1	-6.0099106e+1	-1.1601156e+1
+4.3100000e+1	+2.8179800e+1	+4.5595882e+1	-5.9705833e+1	-7.4713573e+0
+4.3200000e+1	+2.9163166e+1	+4.4415802e+1	-5.7739471e+1	-1.4747645e+1
+4.3300000e+1	+3.2113274e+1	+4.3432404e+1	-5.6756287e+1	-1.0027904e+1
+4.3400000e+1	+3.1719925e+1	+4.3432404e+1	-5.7542835e+1	-0.5882785e+0
+4.3500000e+1	+3.3096649e+1	+4.5989243e+1	-5.5379822e+1	-5.8980913e+0
+4.3600000e+1	+3.2506622e+1	+4.6382603e+1	-5.4789909e+1	-1.1011188e+1
+4.3700000e+1	+3.0539881e+1	+4.4809162e+1	-5.3806717e+1	-0.8257989e+1
+4.3800000e+1	+3.0343206e+1	+4.5399200e+1	-5.8919289e+1	-6.0947499e+0
+4.3900000e+1	+2.8573145e+1	+4.2842365e+1	-5.7149559e+1	-0.9241276e+1
+4.4000000e+1	+3.2703300e+1	+4.4809162e+1	-5.6952923e+1	-0.9044619e+1
+4.4100000e+1	+2.9949860e+1	+4.8546093e+1	-5.4789909e+1	-7.4713573e+0
+4.4200000e+1	+3.2703300e+1	+4.5595882e+1	-5.6559647e+1	-7.4713573e+0
+4.4300000e+1	+3.1523251e+1	+4.6972645e+1	-5.7149559e+1	-0.8257989e+1
+4.4400000e+1	+3.0933229e+1	+4.7759369e+1	-5.7346195e+1	-0.8061331e+1
+4.4500000e+1	+3.1719925e+1	+4.1268936e+1	-5.8329380e+1	-3.1448624e+0
+4.4600000e+1	+2.7196436e+1	+4.5792561e+1	-5.8722652e+1	-1.0224561e+1
+4.4700000e+1	+3.0146532e+1	+4.4809162e+1	-5.6363010e+1	-7.0780416e+0
+4.4800000e+1	+3.3883350e+1	+4.3825764e+1	-5.7542835e+1	-1.1207844e+1
+4.4900000e+1	+2.9949860e+1	+4.5005840e+1	-5.6363010e+1	-1.1011188e+1
+4.5000000e+1	+3.1326576e+1	+4.5005840e+1	-5.6952923e+1	-1.1601156e+1
+4.5100000e+1	+3.3883350e+1	+4.5005840e+1	-5.9312561e+1	-1.0421218e+1
+4.5200000e+1	+3.2899975e+1	+4.5792561e+1	-5.6559647e+1	-0.8257989e+1
+4.5300000e+1	+2.9753185e+1	+4.4415802e+1	-5.8526016e+1	-0.5882785e+0
+4.5400000e+1	+2.8966492e+1	+4.6382603e+1	-5.8329380e+1	-6.2914085e+0
+4.5500000e+1	+3.1326576e+1	+4.2252327e+1	-5.8132744e+1	-1.1994469e+1
+4.5600000e+1	+2.9163166e+1	+4.4022442e+1	-5.4003357e+1	-7.0780416e+0
+4.5700000e+1	+3.4473377e+1	+4.3432404e+1	-5.9115925e+1	-1.2977748e+1
+4.5800000e+1	+3.1326576e+1	+4.5595882e+1	-5.6756287e+1	-0.8454646e+1
+4.5900000e+1	+3.2899975e+1	+4.4219120e+1	-5.4789909e+1	-6.4880667e+0
+4.6000000e+1	+3.3883350e+1	+4.6579285e+1	-5.5773098e+1	-4.1281605e+0
+4.6100000e+1	+2.9556513e+1	+4.4219120e+1	-5.9705833e+1	-6.2914085e+0
+4.6200000e+1	+3.0736555e+1	+4.3825764e+1	-5.7542835e+1	-1.2584436e+1
+4.6300000e+1	+2.9163166e+1	+4.8742775e+1	-5.4593269e+1	-1.2584436e+1
+4.6400000e+1	+3.2506622e+1	+4.9529503e+1	-6.2458733e+1	-7.0780416e+0
+4.6500000e+1	+3.2899975e+1	+4.8152729e+1	-6.0295742e+1	-2.9482026e+0
+4.6600000e+1	+3.3096649e+1	+4.5989243e+1	-5.7936108e+1	-0.7849393e+0
+4.6700000e+1	+2.8966492e+1	+4.9332821e+1	-5.7149559e+1	-4.3248196e+0
+4.6800000e+1	+3.8996937e+1	+5.0316231e+1	-0.6403181e+2	-1.1797812e+1
+4.6900000e+1	+3.7423519e+1	+5.3069790e+1	-0.6894764e+2	-1.0814531e+1
+4.7000000e+1	+3.6046783e+1	+5.3266472e+1	-0.7052069e+2	-1.2977748e+1
+4.7100000e+1	+3.8210228e+1	+5.6610104e+1	-0.6816111e+2	-1.7107498e+1
+4.7200000e+1	+3.5260078e+1	+5.4446575e+1	-0.6776785e+2	-7.4713573e+0
+4.7300000e+1	+3.9586967e+1	+5.4839943e+1	-0.6914427e+2	-1.0224561e+1
+4.7400000e+1	+4.3127182e+1	+5.9363701e+1	-0.7032406e+2	-1.4944301e+1
+4.7500000e+1	+3.9980324e+1	+5.7593529e+1	-0.6599815e+2	-1.2191125e+1
+4.7600000e+1	+4.3520538e+1	+5.7003475e+1	-0.7130722e+2	-1.2191125e+1
+4.7700000e+1	+3.7423519e+1	+6.3100750e+1	-0.7032406e+2	-1.4550990e+1
+4.7800000e+1	+4.2537144e+1	+5.6216736e+1	-0.7366679e+2	-1.5730919e+1
+4.7900000e+1	+4.1553749e+1	+5.3463158e+1	-0.6776785e+2	-0.9634590e+1
+4.8000000e+1	+3.9193611e+1	+5.6020050e+1	-0.7032406e+2	-1.3961025e+1
+4.8100000e+1	+3.9980324e+1	+5.7396843e+1	-0.7248700e+2	-1.2191125e+1
+4.8200000e+1	+4.2143784e+1	+5.7790215e+1	-0.6737458e+2	-1.0421218e+1
+4.8300000e+1	+3.9980324e+1	+5.6020050e+1	-0.6816111e+2	-1.1207844e+1
+4.8400000e+1	+3.8013550e+1	+5.7396843e+1	-0.7012743e+2	-1.5730919e+1
+4.8500000e+1	+3.7620193e+1	+5.4249889e+1	-0.6816111e+2	-1.1404500e+1
+4.8600000e+1	+4.0767036e+1	+5.9757072e+1	-0.6914427e+2	-1.4354336e+1
+4.8700000e+1	+3.9783646e+1	+5.5823364e+1	-0.7032406e+2	-1.3371059e+1
+4.8800000e+1	+3.8800259e+1	+5.1693008e+1	-0.7484657e+2	-1.1797812e+1
+4.8900000e+1	+3.9586967e+1	+5.5429996e+1	-0.6973416e+2	-0.9831247e+1
+4.9000000e+1	+3.5063404e+1	+6.1920624e+1	-0.6973416e+2	-1.2977748e+1
+4.9100000e+1	+4.5487335e+1	+6.1723938e+1	-0.6717795e+2	-1.4747645e+1
+4.9200000e+1	+3.9783646e+1	+5.5036629e+1	-0.7071732e+2	-6.8813834e+0
+4.9300000e+1	+3.7620193e+1	+5.8183586e+1	-0.7012743e+2	-7.0780416e+0
+4.9400000e+1	+4.0373680e+1	+6.1723938e+1	-0.6875101e+2	-0.9634590e+1
+4.9500000e+1	+4.1553749e+1	+5.7396843e+1	-0.7425668e+2	-1.0224561e+1
+4.9600000e+1	+4.0767036e+1	+5.6610104e+1	-0.7523982e+2	-1.2977748e+1
+4.9700000e+1	+3.8013550e+1	+5.4643257e+1	-0.7307690e+2	-1.4157681e+1
+4.9800000e+1	+4.1553749e+1	+5.6806789e+1	-0.7268363e+2	-1.0421218e+1
+4.9900000e+1	+3.8603580e+1	+5.7003475e+1	-0.7012743e+2	-6.8813834e+0
+5.0000000e+1	+3.7816872e+1	+5.9363701e+1	-0.6717795e+2	-0.8257989e+1
+5.0100000e+1	+3.9586967e+1	+5.7593529e+1	-0.6796448e+2	-1.1797812e+1
+5.0200000e+1	+4.0767036e+1	+5.4446575e+1	-0.6973416e+2	-1.4157681e+1
+5.0300000e+1	+3.8996937e+1	+5.5233311e+1	-0.6481834e+2	-1.2191125e+1
+5.0400000e+1	+4.2340466e+1	+5.5823364e+1	-0.7248700e+2	-1.0421218e+1
+5.0500000e+1	+3.8406902e+1	+5.4643257e+1	-0.7032406e+2	-0.8454646e+1
+5.0600000e+1	+3.9586967e+1	+5.7593529e+1	-0.6953754e+2	-1.2191125e+1
+5.0700000e+1	+4.1947105e+1	+6.0740505e+1	-0.7209374e+2	-1.7697460e+1
+5.0800000e+1	+3.7030167e+1	+5.9167015e+1	-0.6639141e+2	-7.0780416e+0
+5.0900000e+1	+3.8800259e+1	+5.4249889e+1	-0.6835774e+2	-1.0421218e+1
+5.1000000e+1	+3.4276699e+1	+5.4446575e+1	-0.7268363e+2	-1.4747645e+1
+5.1100000e+1	+3.9783646e+1	+6.0740505e+1	-0.7071732e+2	-1.1601156e+1
+5.1200000e+1	+4.2930500e+1	+6.0347130e+1	-0.6776785e+2	-1.3961025e+1
+5.1300000e+1	+3.9783646e+1	+5.9363701e+1	-0.7071732e+2	-1.4157681e+1
+5.1400000e+1	+3.9783646e+1	+6.0937191e+1	-0.7327352e+2	-1.3567715e+1
+5.1500000e+1	+3.9586967e+1	+5.6610104e+1	-0.6993079e+2	-1.1994469e+1
+5.1600000e+1	+3.6243458e+1	+5.9363701e+1	-0.7209374e+2	-1.1994469e+1
+5.1700000e+1	+3.8210228e+1	+5.8183586e+1	-0.7170048e+2	-1.4747645e+1
+5.1800000e+1	+3.8996937e+1	+5.9363701e+1	-0.6835774e+2	-0.8651304e+1
+5.1900000e+1	+3.9980324e+1	+5.7396843e+1	-0.7130722e+2	-1.4550990e+1
+5.2000000e+1	+4.3127182e+1	+5.7396843e+1	-0.7091396e+2	-1.3764370e+1
+5.2100000e+1	+3.9193611e+1	+5.5429996e+1	-0.6737458e+2	-1.4550990e+1
+5.2200000e+1	+3.8800259e+1	+5.9363701e+1	-0.7012743e+2	-0.8257989e+1
+5.2300000e+1	+3.8800259e+1	+5.5233311e+1	-0.6619478e+2	-1.4747645e+1
+5.2400000e+1	+4.0177002e+1	+5.5429996e+1	-0.7032406e+2	-1.2584436e+1
+5.2500000e+1	+3.8210228e+1	+5.6216736e+1	-0.6914427e+2	-1.2387781e+1
+5.2600000e+1	+3.7226841e+1	+5.5626678e+1	-0.7012743e+2	-1.1011188e+1
+5.2700000e+1	+3.8013550e+1	+5.5823364e+1	-0.6973416e+2	-1.3961025e+1
+5.2800000e+1	+3.8996937e+1	+5.7396843e+1	-0.6894764e+2	-1.2977748e+1
+5.2900000e+1	+3.9586967e+1	+5.5823364e+1	-0.6973416e+2	-1.0224561e+1
+5.3000000e+1	+3.6046783e+1	+5.9167015e+1	-0.6953754e+2	-1.2387781e+1
+5.3100000e+1	+4.0177002e+1	+5.8970329e+1	-0.6993079e+2	-1.1404500e+1
+5.3200000e+1	+3.8210228e+1	+5.5233311e+1	-0.7327352e+2	-1.1207844e+1
+5.3300000e+1	+4.1750427e+1	+5.6413418e+1	-0.6934090e+2	-1.2191125e+1
+5.3400000e+1	+3.9980324e+1	+5.9363701e+1	-0.6875101e+2	-1.0421218e+1
+5.3500000e+1	+4.2930500e+1	+5.9560387e+1	-0.7052069e+2	-1.2584436e+1
+5.3600000e+1	+3.7423519e+1	+5.5233311e+1	-0.7130722e+2	-1.4354336e+1
+5.3700000e+1	+3.6046783e+1	+5.7200157e+1	-0.7052069e+2	-1.6320883e+1
+5.3800000e+1	+4.1357071e+1	+5.7396843e+1	-0.6934090e+2	-1.1207844e+1
+5.3900000e+1	+4.1160393e+1	+5.6413418e+1	-0.6914427e+2	-6.6847253e+0
+5.4000000e+1	+3.8800259e+1	+5.7986900e+1	-0.7032406e+2	-1.3961025e+1
+5.4100000e+1	+4.2537144e+1	+5.5626678e+1	-0.6776785e+2	-1.0027904e+1
+5.4200000e+1	+4.0177002e+1	+5.5036629e+1	-0.6934090e+2	-1.3961025e+1
+5.4300000e+1	+4.1750427e+1	+5.7200157e+1	-0.7307690e+2	-0.8454646e+1
+5.4400000e+1	+3.9586967e+1	+5.4643257e+1	-0.6875101e+2	-0.9634590e+1
+5.4500000e+1	+3.8406902e+1	+5.7396843e+1	-0.7032406e+2	-4.7181382e+0
+5.4600000e+1	+3.8603580e+1	+5.7790215e+1	-0.6953754e+2	-1.3764370e+1
+5.4700000e+1	+3.7816872e+1	+5.6216736e+1	-0.6737458e+2	-1.1601156e+1
+5.4800000e+1	+3.9193611e+1	+5.6806789e+1	-0.7307690e+2	-1.0814531e+1
+5.4900000e+1	+3.7423519e+1	+5.4249889e+1	-0.7189711e+2	-1.1011188e+1
+5.5000000e+1	+4.1947105e+1	+5.5036629e+1	-0.6953754e+2	-1.4944301e+1
+5.5100000e+1	+4.1357071e+1	+5.7790215e+1	-0.7052069e+2	-0.8651304e+1
+5.5200000e+1	+4.1553749e+1	+5.4839943e+1	-0.6973416e+2	-1.2387781e+1
+5.5300000e+1	+3.9586967e+1	+5.6610104e+1	-0.6757121e+2	-1.1994469e+1
+5.5400000e+1	+3.8996937e+1	+5.4053207e+1	-0.6875101e+2	-0.9437933e+1
+5.5500000e+1	+4.0373680e+1	+5.7003475e+1	-0.6894764e+2	-1.3764370e+1
+5.5600000e+1	+4.1553749e+1	+5.7986900e+1	-0.6796448e+2	-7.4713573e+0
+5.5700000e+1	+3.8013550e+1	+5.5626678e+1	-0.6698131e+2	-1.0814531e+1
+5.5800000e+1	+4.0177002e+1	+5.8773643e+1	-0.6894764e+2	-1.1797812e+1
+5.5900000e+1	+3.9783646e+1	+5.6610104e+1	-0.6953754e+2	-1.5927573e+1
+5.6000000e+1	+3.8210228e+1	+5.4053207e+1	-0.6953754e+2	-1.1011188e+1
+5.6100000e+1	+4.1357071e+1	+5.4053207e+1	-0.7209374e+2	-1.5140955e+1
+5.6200000e+1	+3.9980324e+1	+5.6413418e+1	-0.7052069e+2	-1.5927573e+1
+5.6300000e+1	+4.1553749e+1	+5.2873108e+1	-0.6835774e+2	-0.8454646e+1
+5.6400000e+1	+4.1160393e+1	+5.7003475e+1	-0.6894764e+2	-1.3174403e+1
+5.6500000e+1	+4.1553749e+1	+5.7003475e+1	-0.6816111e+2	-1.1207844e+1
+5.6600000e+1	+4.3323860e+1	+5.7396843e+1	-0.7012743e+2	-0.9044619e+1
+5.6700000e+1	+3.8013550e+1	+5.5036629e+1	-0.6855437e+2	-1.3371059e+1
+5.6800000e+1	+3.8800259e+1	+5.4839943e+1	-0.7032406e+2	-0.9241276e+1
+5.6900000e+1	+3.7226841e+1	+5.4643257e+1	-0.6934090e+2	-1.0814531e+1
+5.7000000e+1	+4.0963715e+1	+5.6020050e+1	-0.6875101e+2	-1.0027904e+1
+5.7100000e+1	+3.9980324e+1	+5.3856525e+1	-0.6855437e+2	-0.9634590e+1
+5.7200000e+1	+3.6046783e+1	+5.5429996e+1	-0.7248700e+2	-1.5140955e+1
+5.7300000e+1	+4.0373680e+1	+5.5036629e+1	-0.7130722e+2	-1.3567715e+1
+5.7400000e+1	+3.9390289e+1	+5.7593529e+1	-0.7091396e+2	-1.0224561e+1
+5.7500000e+1	+4.0963715e+1	+5.6020050e+1	-0.6894764e+2	-1.3764370e+1
+5.7600000e+1	+3.8406902e+1	+5.4839943e+1	-0.6894764e+2	-0.9634590e+1
+5.7700000e+1	+3.8800259e+1	+5.8576958e+1	-0.6678468e+2	-1.1011188e+1
+5.7800000e+1	+4.0373680e+1	+5.6020050e+1	-0.7071732e+2	-1.6517536e+1
+5.7900000e+1	+4.0767036e+1	+5.5429996e+1	-0.7091396e+2	-1.6517536e+1
+5.8000000e+1	+3.7620193e+1	+5.6806789e+1	-0.6914427e+2	-1.1994469e+1
+5.8100000e+1	+4.0373680e+1	+5.8970329e+1	-0.6855437e+2	-1.4157681e+1
+5.8200000e+1	+3.4866726e+1	+5.5036629e+1	-0.7170048e+2	-1.4354336e+1
+5.8300000e+1	+3.8013550e+1	+5.8773643e+1	-0.6914427e+2	-1.5730919e+1
+5.8400000e+1	+4.0963715e+1	+5.7396843e+1	-0.6855437e+2	-1.4354336e+1
+5.8500000e+1	+3.8800259e+1	+5.7986900e+1	-0.6678468e+2	-1.2191125e+1
+5.8600000e+1	+4.1553749e+1	+6.0543816e+1	-0.7071732e+2	-6.0947499e+0
+5.8700000e+1	+4.1160393e+1	+5.6610104e+1	-0.6796448e+2	-1.2387781e+1
+5.8800000e+1	+4.1160393e+1	+5.9560387e+1	-0.7130722e+2	-0.9437933e+1
+5.8900000e+1	+4.4110577e+1	+5.7593529e+1	-0.6953754e+2	-1.4157681e+1
+5.9000000e+1	+3.8800259e+1	+5.9167015e+1	-0.7012743e+2	-0.9437933e+1
+5.9100000e+1	+3.7423519e+1	+5.6216736e+1	-0.7248700e+2	-1.1207844e+1
+5.9200000e+1	+3.7226841e+1	+5.8380272e+1	-0.7012743e+2	-0.9241276e+1
+5.9300000e+1	+4.0570358e+1	+5.5429996e+1	-0.6796448e+2	-1.0814531e+1
+5.9400000e+1	+3.9193611e+1	+5.3856525e+1	-0.7189711e+2	-1.0814531e+1
+5.9500000e+1	+3.9980324e+1	+6.0150444e+1	-0.6993079e+2	-1.0421218e+1
+5.9600000e+1	+4.0767036e+1	+5.7200157e+1	-0.6973416e+2	-0.8847961e+1
+5.9700000e+1	+3.7620193e+1	+5.7200157e+1	-0.7111059e+2	-1.4944301e+1
+5.9800000e+1	+3.8996937e+1	+5.4446575e+1	-0.6560488e+2	-0.9831247e+1
+5.9900000e+1	+3.8406902e+1	+5.3463158e+1	-0.6776785e+2	-0.9437933e+1
+6.0000000e+1	+3.5260078e+1	+5.3266472e+1	-0.6442508e+2	-1.3174403e+1
+6.0100000e+1	+3.2899975e+1	+4.5595882e+1	-6.1868828e+1	-1.2977748e+1
+6.0200000e+1	+3.1523251e+1	+4.8349411e+1	-5.9312561e+1	-6.6847253e+0
+6.0300000e+1	+2.8769819e+1	+4.2055649e+1	-6.0099106e+1	-1.1601156e+1
+6.0400000e+1	+3.0933229e+1	+4.2449009e+1	-5.4593269e+1	-0.8061331e+1
+6.0500000e+1	+3.0539881e+1	+4.6382603e+1	-5.7739471e+1	-6.8813834e+0
+6.0600000e+1	+2.9949860e+1	+4.7759369e+1	-6.1082287e+1	-1.1207844e+1
+6.0700000e+1	+2.8179800e+1	+4.4022442e+1	-5.9705833e+1	-1.1404500e+1
+6.0800000e+1	+3.0539881e+1	+4.6185921e+1	-5.7149559e+1	-1.3174403e+1
+6.0900000e+1	+3.2309948e+1	+4.6972645e+1	-5.9509197e+1	-0.8651304e+1
+6.1000000e+1	+3.1719925e+1	+4.2842365e+1	-5.6952923e+1	-1.4550990e+1
+6.1100000e+1	+2.8376472e+1	+4.4219120e+1	-5.8526016e+1	-1.1601156e+1
+6.1200000e+1	+3.1129902e+1	+4.4022442e+1	-5.5183186e+1	-1.0421218e+1
+6.1300000e+1	+3.1523251e+1	+4.7169327e+1	-5.8132744e+1	-0.8061331e+1
+6.1400000e+1	+2.8769819e+1	+4.5595882e+1	-5.6756287e+1	-7.8646731e+0
+6.1500000e+1	+2.8966492e+1	+4.0285545e+1	-5.9509197e+1	-4.3248196e+0
+6.1600000e+1	+3.2506622e+1	+4.5792561e+1	-5.8329380e+1	-5.1114559e+0
+6.1700000e+1	+2.8573145e+1	+4.4612480e+1	-5.6952923e+1	-1.2781093e+1
+6.1800000e+1	+2.9359838e+1	+4.1465614e+1	-5.7149559e+1	-5.3081150e+0
+6.1900000e+1	+3.0933229e+1	+4.6972645e+1	-5.8526016e+1	-4.1281605e+0
+6.2000000e+1	+3.2506622e+1	+4.3432404e+1	-5.5576462e+1	-7.4713573e+0
+6.2100000e+1	+3.0146532e+1	+4.4612480e+1	-6.0689014e+1	-1.0421218e+1
+6.2200000e+1	+2.9556513e+1	+4.7562687e+1	-5.8526016e+1	-1.0224561e+1
+6.2300000e+1	+3.1719925e+1	+4.5005840e+1	-5.7936108e+1	-1.3174403e+1
+6.2400000e+1	+2.9556513e+1	+4.3432404e+1	-5.6756287e+1	-7.4713573e+0
+6.2500000e+1	+3.0933229e+1	+4.1662292e+1	-5.6756287e+1	-3.1448624e+0
+6.2600000e+1	+3.2506622e+1	+4.3825764e+1	-5.7346195e+1	-1.0617874e+1
+6.2700000e+1	+2.9753185e+1	+4.6382603e+1	-6.1868828e+1	-5.8980913e+0
+6.2800000e+1	+2.8573145e+1	+4.5595882e+1	-5.5773098e+1	-1.1601156e+1
+6.2900000e+1	+3.2899975e+1	+4.5202518e+1	-5.4789909e+1	-1.7697460e+1
+6.3000000e+1	+2.9949860e+1	+4.5792561e+1	-5.4396633e+1	-0.8651304e+1
+6.3100000e+1	+3.0343206e+1	+4.5399200e+1	-5.8329380e+1	-1.3567715e+1
+6.3200000e+1	+3.0539881e+1	+4.5989243e+1	-5.7542835e+1	-1.1207844e+1
+6.3300000e+1	+2.7589781e+1	+4.1662292e+1	-5.8329380e+1	-0.8061331e+1
+6.3400000e+1	+2.9753185e+1	+4.3825764e+1	-6.0295742e+1	-1.6124228e+1
+6.3500000e+1	+2.8179800e+1	+4.7759369e+1	-6.0099106e+1	-1.6714190e+1
+6.3600000e+1	+3.0933229e+1	+4.3039043e+1	-5.7936108e+1	-1.3174403e+1
+6.3700000e+1	+2.7983126e+1	+4.5595882e+1	-5.5576462e+1	-1.0617874e+1
+6.3800000e+1	+2.9556513e+1	+4.5202518e+1	-5.9902470e+1	-1.4944301e+1
+6.3900000e+1	+3.0736555e+1	+4.6972645e+1	-5.6559647e+1	-1.2191125e+1
+0.6400000e+2	+3.1129902e+1	+4.4612480e+1	-5.6363010e+1	-0.9437933e+1
+0.6410000e+2	+2.7393108e+1	+4.3629082e+1	-5.8132744e+1	-1.2977748e+1
+0.6420000e+2	+3.2703300e+1	+4.5792561e+1	-5.5183186e+1	-1.4157681e+1
+0.6430000e+2	+2.8769819e+1	+4.5792561e+1	-5.4199993e+1	-1.4157681e+1
+0.6440000e+2	+2.9359838e+1	+4.4809162e+1	-5.3216801e+1	-0.8454646e+1
+0.6450000e+2	+2.9949860e+1	+4.6382603e+1	-5.7936108e+1	-1.0617874e+1
+0.6460000e+2	+3.0539881e+1	+4.1268936e+1	-6.0295742e+1	-0.9437933e+1
+0.6470000e+2	+3.1129902e+1	+4.7366005e+1	-5.9705833e+1	-0.8257989e+1
+0.6480000e+2	+2.9556513e+1	+4.3825764e+1	-5.5576462e+1	-1.0421218e+1
+0.6490000e+2	+2.8966492e+1	+4.9529503e+1	-5.9705833e+1	-1.4550990e+1
+0.6500000e+2	+3.1129902e+1	+4.4809162e+1	-5.9509197e+1	-6.8813834e+0
+0.6510000e+2	+3.0343206e+1	+4.2449009e+1	-5.7542835e+1	-0.9437933e+1
+0.6520000e+2	+2.9949860e+1	+4.3039043e+1	-5.3806717e+1	-1.3371059e+1
+0.6530000e+2	+2.9556513e+1	+4.3039043e+1	-5.7739471e+1	-6.6847253e+0
+0.6540000e+2	+3.2113274e+1	+4.5202518e+1	-5.6756287e+1	-5.8980913e+0
+0.6550000e+2	+3.2703300e+1	+4.6579285e+1	-6.0295742e+1	-1.1601156e+1
+0.6560000e+2	+3.0146532e+1	+4.3825764e+1	-5.7739471e+1	-1.2387781e+1
+0.6570000e+2	+3.2506622e+1	+4.7956051e+1	-5.7542835e+1	-1.1994469e+1
+0.6580000e+2	+3.2113274e+1	+4.3235725e+1	-5.6166374e+1	-5.8980913e+0
+0.6590000e+2	+3.0933229e+1	+4.5595882e+1	-5.4199993e+1	-3.3415222e+0
+0.6600000e+2	+3.2899975e+1	+4.3235725e+1	-5.5183186e+1	-1.1601156e+1
+0.6610000e+2	+2.8573145e+1	+4.6382603e+1	-5.8329380e+1	-4.1281605e+0
+0.6620000e+2	+3.1326576e+1	+4.2449009e+1	-5.2233604e+1	-7.2746997e+0
+0.6630000e+2	+3.1129902e+1	+4.9726185e+1	-5.9115925e+1	-6.6847253e+0
+0.6640000e+2	+3.2113274e+1	+4.2055649e+1	-5.7542835e+1	-1.1207844e+1
+0.6650000e+2	+3.4080025e+1	+4.6185921e+1	-5.6166374e+1	-5.8980913e+0
+0.6660000e+2	+2.7786453e+1	+4.4612480e+1	-5.8132744e+1	-1.0617874e+1
+0.6670000e+2	+3.1523251e+1	+4.4022442e+1	-5.5969734e+1	-1.0814531e+1
+0.6680000e+2	+2.7196436e+1	+4.1662292e+1	-6.0295742e+1	-1.2191125e+1
+0.6690000e+2	+3.0539881e+1	+4.3825764e+1	-5.3806717e+1	-6.6847253e+0
+0.6700000e+2	+3.2703300e+1	+4.5989243e+1	-5.7149559e+1	-1.0814531e+1
+0.6710000e+2	+2.9556513e+1	+4.4809162e+1	-5.5969734e+1	-5.5047736e+0
+0.6720000e+2	+2.8966492e+1	+4.6972645e+1	-5.5379822e+1	-1.6910845e+1
+0.6730000e+2	+2.6016403e+1	+4.5399200e+1	-5.5183186e+1	-0.9044619e+1
+0.6740000e+2	+3.4473377e+1	+4.8152729e+1	-5.8132744e+1	-0.9831247e+1
+0.6750000e+2	+3.1129902e+1	+4.5792561e+1	-5.8919289e+1	-1.0027904e+1
+0.6760000e+2	+3.0343206e+1	+4.5792561e+1	-5.4396633e+1	-1.2191125e+1
+0.6770000e+2	+2.8376472e+1	+4.7366005e+1	-5.5773098e+1	-1.0421218e+1
+0.6780000e+2	+3.5063404e+1	+4.7956051e+1	-5.5576462e+1	-1.5927573e+1
+0.6790000e+2	+2.8573145e+1	+5.0709595e+1	-5.8132744e+1	-1.2387781e+1
+0.6800000e+2	+3.0146532e+1	+4.9136139e+1	-5.4986546e+1	-6.4880667e+0
+0.6810000e+2	+3.0736555e+1	+4.6382603e+1	-5.6756287e+1	-3.1448624e+0
+0.6820000e+2	+3.2703300e+1	+4.6382603e+1	-5.6166374e+1	-1.2191125e+1
+0.6830000e+2	+3.0539881e+1	+4.3432404e+1	-5.3216801e+1	-0.9634590e+1
+0.6840000e+2	+2.7196436e+1	+4.5202518e+1	-6.1475555e+1	-1.0027904e+1
+0.6850000e+2	+2.8376472e+1	+4.4612480e+1	-5.4593269e+1	-1.0421218e+1
+0.6860000e+2	+2.7786453e+1	+4.4809162e+1	-6.0689014e+1	-1.1797812e+1
+0.6870000e+2	+3.1326576e+1	+4.9136139e+1	-5.7936108e+1	-1.2584436e+1
+0.6880000e+2	+3.4473377e+1	+4.2055649e+1	-5.7542835e+1	-7.6680155e+0
+0.6890000e+2	+3.1129902e+1	+4.3629082e+1	-5.8329380e+1	-3.9315009e+0
+0.6900000e+2	+3.3489998e+1	+4.3235725e+1	-5.8526016e+1	-7.6680155e+0
+0.6910000e+2	+2.9163166e+1	+4.8546093e+1	-5.4986546e+1	-0.9634590e+1
+0.6920000e+2	+2.6803091e+1	+4.5005840e+1	-6.1672192e+1	-1.0617874e+1
+0.6930000e+2	+2.8769819e+1	+4.1858971e+1	-5.4789909e+1	-0.8454646e+1
+0.6940000e+2	+2.8966492e+1	+4.3825764e+1	-5.6952923e+1	-7.8646731e+0
+0.6950000e+2	+2.8769819e+1	+4.5792561e+1	-5.6559647e+1	-1.2191125e+1
+0.6960000e+2	+3.2703300e+1	+4.2842365e+1	-5.8132744e+1	-0.9634590e+1
+0.6970000e+2	+3.1523251e+1	+4.5202518e+1	-5.5969734e+1	-1.1207844e+1
+0.6980000e+2	+2.9163166e+1	+4.5792561e+1	-5.4593269e+1	-0.9044619e+1
+0.6990000e+2	+2.8573145e+1	+4.5202518e+1	-5.7542835e+1	-1.1994469e+1
+0.7000000e+2	+3.1916599e+1	+4.1268936e+1	-5.8722652e+1	-0.9437933e+1
+0.7010000e+2	+3.2309948e+1	+4.5792561e+1	-5.7149559e+1	-6.2914085e+0
+0.7020000e+2	+3.2113274e+1	+4.4612480e+1	-5.7936108e+1	-4.3248196e+0
+0.7030000e+2	+3.1326576e+1	+4.5595882e+1	-5.4986546e+1	-1.2977748e+1
+0.7040000e+2	+2.7393108e+1	+4.5595882e+1	-5.7936108e+1	-1.2191125e+1
+0.7050000e+2	+2.8179800e+1	+4.4809162e+1	-5.4789909e+1	-0.9241276e+1
+0.7060000e+2	+3.2899975e+1	+4.2842365e+1	-5.6559647e+1	-0.9241276e+1
+0.7070000e+2	+3.2309948e+1	+4.4809162e+1	-5.8526016e+1	-1.1994469e+1
+0.7080000e+2	+3.0343206e+1	+4.5595882e+1	-5.6756287e+1	-0.8257989e+1
+0.7090000e+2	+2.7393108e+1	+4.2055649e+1	-5.4789909e+1	-5.3081150e+0
+0.7100000e+2	+2.3853016e+1	+3.5958649e+1	-4.9873932e+1	-5.8980913e+0
+0.7110000e+2	+1.7559582e+1	+2.4944910e+1	-3.3749161e+1	-6.8813834e+0
+0.7120000e+2	+1.7559582e+1	+2.3764883e+1	-3.4339100e+1	-5.7014327e+0
+0.7130000e+2	+1.5986237e+1	+2.3961554e+1	-3.4535748e+1	-0.8061331e+1
+0.7140000e+2	+1.5986237e+1	+2.3961554e+1	-3.3552513e+1	-3.5381818e+0
+0.7150000e+2	+1.5199566e+1	+2.3961554e+1	-3.0602798e+1	-6.2914085e+0
+0.7160000e+2	+1.7166245e+1	+2.3764883e+1	-3.2175983e+1	-4.1281605e+0
+0.7170000e+2	+1.4609564e+1	+2.4551567e+1	-3.1586039e+1	-6.2914085e+0
+0.7180000e+2	+1.1856231e+1	+2.5141582e+1	-3.3355865e+1	-4.9147973e+0
+0.7190000e+2	+1.6969576e+1	+2.4748240e+1	-3.3945808e+1	-6.0947499e+0
+0.7200000e+2	+1.9722940e+1	+2.3371540e+1	-3.1979334e+1	-6.2914085e+0
+0.7210000e+2	+1.8542925e+1	+2.7894993e+1	-3.2765923e+1	-1.3749212e+0
+0.7220000e+2	+1.9329601e+1	+2.5731598e+1	-3.1192743e+1	-6.8813834e+0
+0.7230000e+2	+1.7166245e+1	+2.3961554e+1	-3.3159218e+1	-6.6847253e+0
+0.7240000e+2	+1.6969576e+1	+2.6911631e+1	-3.0012854e+1	-3.5381818e+0
+0.7250000e+2	+1.6379572e+1	+2.5338255e+1	-3.3355865e+1	-5.5047736e+0
+0.7260000e+2	+1.7166245e+1	+2.4158226e+1	-3.4339100e+1	-7.8646731e+0
+0.7270000e+2	+1.6772909e+1	+2.3961554e+1	-3.1979334e+1	-7.8646731e+0
+0.7280000e+2	+1.5789569e+1	+2.2978199e+1	-3.2175983e+1	-7.0780416e+0
+0.7290000e+2	+1.4216229e+1	+2.7108303e+1	-3.1979334e+1	-5.1114559e+0
+0.7300000e+2	+1.7952919e+1	+2.2191517e+1	-3.5912270e+1	-0.8061331e+1
+0.7310000e+2	+1.6969576e+1	+2.6321613e+1	-3.3552513e+1	-6.8813834e+0
+0.7320000e+2	+1.4609564e+1	+2.6321613e+1	-3.2765923e+1	-3.3415222e+0
+0.7330000e+2	+1.6379572e+1	+2.3174870e+1	-3.3945808e+1	-7.8646731e+0
+0.7340000e+2	+1.6379572e+1	+2.5141582e+1	-3.4535748e+1	-0.3916176e+0
+0.7350000e+2	+1.6576241e+1	+2.4748240e+1	-3.3749161e+1	-4.1281605e+0
+0.7360000e+2	+1.5002899e+1	+2.4158226e+1	-3.1389391e+1	-1.7682420e+0
+0.7370000e+2	+1.4412897e+1	+2.4748240e+1	-3.5518978e+1	-4.1281605e+0
+0.7380000e+2	+1.8346256e+1	+2.6518286e+1	-3.3552513e+1	-4.5214791e+0
+0.7390000e+2	+1.6772909e+1	+2.7501648e+1	-3.4142452e+1	-5.8980913e+0
+0.7400000e+2	+1.3822896e+1	+2.3764883e+1	-3.4142452e+1	-7.4713573e+0
+0.7410000e+2	+1.7756250e+1	+2.3764883e+1	-3.2962570e+1	-1.7682420e+0
+0.7420000e+2	+1.7362913e+1	+2.3174870e+1	-3.3159218e+1	-5.8980913e+0
+0.7430000e+2	+1.6182905e+1	+2.7304976e+1	-3.3749161e+1	-5.8980913e+0
+0.7440000e+2	+1.7559582e+1	+2.1011496e+1	-3.4339100e+1	-3.5381818e+0
+0.7450000e+2	+1.7559582e+1	+2.7501648e+1	-3.6108917e+1	-3.9315009e+0
+0.7460000e+2	+1.5789569e+1	+2.6124941e+1	-3.4929039e+1	-5.5047736e+0
+0.7470000e+2	+1.7559582e+1	+2.4551567e+1	-3.2372631e+1	-1.3749212e+0
+0.7480000e+2	+1.7362913e+1	+2.4551567e+1	-3.1782686e+1	-3.7348413e+0
+0.7490000e+2	+1.4019563e+1	+2.4944910e+1	-3.5912270e+1	-4.5214791e+0
+0.7500000e+2	+1.5199566e+1	+2.2978199e+1	-3.3945808e+1	-7.6680155e+0
+0.7510000e+2	+1.6379572e+1	+2.0224817e+1	-3.0799446e+1	-2.9482026e+0
+0.7520000e+2	+1.8149588e+1	+2.5534925e+1	-3.1782686e+1	-3.5381818e+0
+0.7530000e+2	+1.6576241e+1	+2.3961554e+1	-3.1389391e+1	-0.9831247e+1
+0.7540000e+2	+1.4609564e+1	+2.3568213e+1	-3.3355865e+1	-4.5214791e+0
+0.7550000e+2	+1.6772909e+1	+2.7698320e+1	-3.0602798e+1	-4.3248196e+0
+0.7560000e+2	+1.9132933e+1	+2.3568213e+1	-3.2765923e+1	-3.1448624e+0
+0.7570000e+2	+1.5789569e+1	+2.3764883e+1	-2.9619556e+1	-6.0947499e+0
+0.7580000e+2	+2.1099628e+1	+2.6124941e+1	-3.0996096e+1	-7.2746997e+0
+0.7590000e+2	+1.7756250e+1	+2.6518286e+1	-3.3749161e+1	-3.9315009e+0
+0.7600000e+2	+1.3429563e+1	+2.2584858e+1	-3.5125687e+1	-5.3081150e+0
+0.7610000e+2	+1.5396234e+1	+2.2978199e+1	-3.0406151e+1	-0.8257989e+1
+0.7620000e+2	+1.5002899e+1	+2.4944910e+1	-3.3749161e+1	-5.5047736e+0
+0.7630000e+2	+1.7756250e+1	+2.3568213e+1	-3.3749161e+1	-3.3415222e+0
+0.7640000e+2	+1.8346256e+1	+2.3764883e+1	-3.0602798e+1	-5.7014327e+0
+0.7650000e+2	+1.5789569e+1	+2.3371540e+1	-3.3749161e+1	-5.1114559e+0
+0.7660000e+2	+1.5986237e+1	+2.4944910e+1	-3.0602798e+1	-2.9482026e+0
+0.7670000e+2	+1.6772909e+1	+2.3764883e+1	-3.3159218e+1	-1.3749212e+0
+0.7680000e+2	+1.3822896e+1	+2.0028147e+1	-3.4732395e+1	-5.8980913e+0
+0.7690000e+2	+1.6182905e+1	+2.4158226e+1	-3.3749161e+1	-4.9147973e+0
+0.7700000e+2	+1.9526270e+1	+2.3371540e+1	-3.2765923e+1	-0.5882785e+0
+0.7710000e+2	+1.5986237e+1	+2.4354897e+1	-3.2962570e+1	-2.1615627e+0
+0.7720000e+2	+1.6379572e+1	+2.5141582e+1	-3.1586039e+1	-2.7515428e+0
+0.7730000e+2	+1.4609564e+1	+2.4944910e+1	-3.4732395e+1	-5.1114559e+0
+0.7740000e+2	+1.8542925e+1	+2.1798176e+1	-3.1586039e+1	-5.8980913e+0
+0.7750000e+2	+1.9329601e+1	+2.3568213e+1	-3.2962570e+1	-7.4713573e+0
+0.7760000e+2	+1.4216229e+1	+2.3961554e+1	-3.0996096e+1	+1.1816726e+0
+0.7770000e+2	+1.6576241e+1	+2.1011496e+1	-3.3552513e+1	-3.9315009e+0
+0.7780000e+2	+1.9132933e+1	+2.5731598e+1	-3.1979334e+1	-6.2914085e+0
+0.7790000e+2	+1.5002899e+1	+2.3764883e+1	-3.3749161e+1	-1.7682420e+0
+0.7800000e+2	+1.5002899e+1	+2.5141582e+1	-3.3552513e+1	-1.1782607e+0
+0.7810000e+2	+1.5789569e+1	+2.1404837e+1	-3.2569279e+1	-0.9634590e+1
+0.7820000e+2	+1.1069568e+1	+2.4944910e+1	-3.2962570e+1	-6.2914085e+0
+0.7830000e+2	+1.9526270e+1	+2.5141582e+1	-3.1782686e+1	-0.9241276e+1
+0.7840000e+2	+1.4216229e+1	+2.4354897e+1	-3.6305565e+1	-0.9044619e+1
+0.7850000e+2	+1.7559582e+1	+2.5141582e+1	-3.2372631e+1	-4.5214791e+0
+0.7860000e+2	+1.9132933e+1	+2.6911631e+1	-3.2372631e+1	-0.7849393e+0
+0.7870000e+2	+1.6576241e+1	+2.5141582e+1	-3.3552513e+1	+0.5916881e+0
+0.7880000e+2	+1.5986237e+1	+2.2781528e+1	-3.0406151e+1	-6.0947499e+0
+0.7890000e+2	+1.4806231e+1	+2.6321613e+1	-3.5125687e+1	-0.1949566e+0
+0.7900000e+2	+1.5199566e+1	+2.4354897e+1	-3.0406151e+1	-2.1615627e+0
+0.7910000e+2	+1.7756250e+1	+2.5338255e+1	-3.3552513e+1	-7.0780416e+0
+0.7920000e+2	+1.6576241e+1	+2.8091667e+1	-3.3552513e+1	-4.7181382e+0
+0.7930000e+2	+1.4216229e+1	+2.1994846e+1	-3.1192743e+1	-0.5882785e+0
+0.7940000e+2	+1.4412897e+1	+2.5338255e+1	-3.0996096e+1	-0.5882785e+0
+0.7950000e+2	+1.5592901e+1	+2.4158226e+1	-3.1782686e+1	-0.8061331e+1
+0.7960000e+2	+1.5789569e+1	+2.2978199e+1	-3.2962570e+1	-0.9634590e+1
+0.7970000e+2	+1.5789569e+1	+2.7304976e+1	-3.4142452e+1	-7.6680155e+0
+0.7980000e+2	+1.8739594e+1	+2.1601505e+1	-3.5912270e+1	-3.7348413e+0
+0.7990000e+2	+1.2839562e+1	+2.4158226e+1	-3.3945808e+1	-2.1615627e+0
+0.8000000e+2	+1.5002899e+1	+2.5141582e+1	-3.3749161e+1	-3.7348413e+0
+0.8010000e+2	+1.3232896e+1	+2.8681684e+1	-2.9816204e+1	-7.8646731e+0
+0.8020000e+2	+1.5986237e+1	+2.3174870e+1	-2.8832962e+1	-0.9816000e+0
+0.8030000e+2	+1.7756250e+1	+2.1994846e+1	-3.2372631e+1	-5.1114559e+0
+0.8040000e+2	+1.5789569e+1	+2.9271706e+1	-3.4535748e+1	-7.6680155e+0
+0.8050000e+2	+1.6182905e+1	+2.4748240e+1	-2.6866467e+1	-1.1404500e+1
+0.8060000e+2	+1.6379572e+1	+2.5338255e+1	-3.1192743e+1	-0.3916176e+0
+0.8070000e+2	+1.6182905e+1	+2.3961554e+1	-3.5322334e+1	-0.9044619e+1
+0.8080000e+2	+1.6379572e+1	+2.6714958e+1	-3.2175983e+1	-4.1281605e+0
+0.8090000e+2	+1.7952919e+1	+2.5928270e+1	-3.2569279e+1	+1.9683195e+0
+0.8100000e+2	+1.7166245e+1	+2.6911631e+1	-3.1782686e+1	-6.2914085e+0
+0.8110000e+2	+1.8542925e+1	+2.5731598e+1	-3.6305565e+1	-4.3248196e+0
+0.8120000e+2	+1.5986237e+1	+2.4158226e+1	-3.2765923e+1	-4.7181382e+0
+0.8130000e+2	+1.7756250e+1	+2.4158226e+1	-3.6108917e+1	-4.7181382e+0
+0.8140000e+2	+1.6772909e+1	+2.5141582e+1	-3.5125687e+1	-6.8813834e+0
+0.8150000e+2	+1.5592901e+1	+2.5928270e+1	-3.7092144e+1	-5.7014327e+0
+0.8160000e+2	+1.5396234e+1	+2.3961554e+1	-3.5322334e+1	-2.3582227e+0
+0.8170000e+2	+1.7166245e+1	+2.2191517e+1	-3.6108917e+1	-6.4880667e+0
+0.8180000e+2	+1.7166245e+1	+2.7894993e+1	-3.1586039e+1	-6.0947499e+0
+0.8190000e+2	+1.7559582e+1	+2.3961554e+1	-3.5125687e+1	-4.3248196e+0
+0.8200000e+2	+1.6969576e+1	+2.4354897e+1	-3.4142452e+1	-3.3415222e+0
+0.8210000e+2	+1.6772909e+1	+2.5928270e+1	-3.0406151e+1	-7.0780416e+0
+0.8220000e+2	+1.8149588e+1	+2.4158226e+1	-3.3355865e+1	-6.2914085e+0
+0.8230000e+2	+1.5396234e+1	+2.3568213e+1	-3.4732395e+1	-6.8813834e+0
+0.8240000e+2	+1.6576241e+1	+2.4354897e+1	-2.9816204e+1	-6.0947499e+0
+0.8250000e+2	+1.7559582e+1	+2.3568213e+1	-3.4535748e+1	-6.8813834e+0
+0.8260000e+2	+1.2446230e+1	+2.1994846e+1	-3.0996096e+1	-2.9482026e+0
+0.8270000e+2	+1.9526270e+1	+2.5141582e+1	-3.6698856e+1	-4.7181382e+0
+0.8280000e+2	+1.6182905e+1	+2.3764883e+1	-3.2372631e+1	-1.3749212e+0
+0.8290000e+2	+1.7756250e+1	+2.7894993e+1	-3.5125687e+1	-0.9044619e+1
+0.8300000e+2	+1.6182905e+1	+2.5141582e+1	-3.2175983e+1	-6.4880667e+0
+0.8310000e+2	+1.5002899e+1	+2.6518286e+1	-3.2372631e+1	-4.1281605e+0
+0.8320000e+2	+1.5592901e+1	+2.2978199e+1	-3.3552513e+1	-4.7181382e+0
+0.8330000e+2	+1.5592901e+1	+2.6911631e+1	-3.5715626e+1	-5.7014327e+0
+0.8340000e+2	+1.9132933e+1	+2.3961554e+1	-3.4142452e+1	-4.1281605e+0
+0.8350000e+2	+1.7559582e+1	+2.3568213e+1	-2.8832962e+1	-5.5047736e+0
+0.8360000e+2	+1.5396234e+1	+2.3568213e+1	-3.3355865e+1	-2.7515428e+0
+0.8370000e+2	+1.7362913e+1	+2.3568213e+1	-3.1192743e+1	-3.7348413e+0
+0.8380000e+2	+1.4806231e+1	+2.4748240e+1	-3.3159218e+1	-4.9147973e+0
+0.8390000e+2	+1.3429563e+1	+2.4944910e+1	-3.2372631e+1	-7.0780416e+0
+0.8400000e+2	+7.7262616e+0	+1.7078114e+1	-2.3326757e+1	-5.3081150e+0
+0.8410000e+2	+0.9102914e+1	+1.0588106e+1	-1.5263985e+1	+0.1983656e+0
+0.8420000e+2	+6.5462770e+0	+1.2358099e+1	-1.2117498e+1	-0.7849393e+0
+0.8430000e+2	+7.5295973e+0	+1.2358099e+1	-1.6640566e+1	-4.7181382e+0
+0.8440000e+2	+6.9396048e+0	+1.1374769e+1	-1.6050602e+1	-1.9649024e+0
+0.8450000e+2	+5.1696324e+0	+1.0784772e+1	-1.7820488e+1	-3.7348413e+0
+0.8460000e+2	+7.1362691e+0	+1.2358099e+1	-1.6837219e+1	-1.3749212e+0
+0.8470000e+2	+3.9896541e+0	+0.9998110e+1	-1.6247257e+1	-0.3916176e+0
+0.8480000e+2	+1.1069568e+1	+1.0391440e+1	-1.4084055e+1	+0.1704460e-2
+0.8490000e+2	+7.1362691e+0	+1.1768101e+1	-1.7427181e+1	-0.9816000e+0
+0.8500000e+2	+1.0086240e+1	+1.0588106e+1	-1.4870675e+1	-0.7849393e+0
+0.8510000e+2	+1.0086240e+1	+0.9604779e+1	-1.6837219e+1	-0.9816000e+0
+0.8520000e+2	+5.9562860e+0	+1.0194776e+1	-1.3297433e+1	-2.5548828e+0
+0.8530000e+2	+1.0479570e+1	+1.0194776e+1	-1.7623835e+1	+1.3783342e+0
+0.8540000e+2	+0.9299579e+1	+1.3931433e+1	-1.5460639e+1	-1.3749212e+0
+0.8550000e+2	+1.1069568e+1	+1.0784772e+1	-1.6640566e+1	-3.1448624e+0
+0.8560000e+2	+7.5295973e+0	+0.8818120e+1	-1.6640566e+1	-1.7682420e+0
+0.8570000e+2	+6.3496132e+0	+0.8818120e+1	-1.6247257e+1	-1.3749212e+0
+0.8580000e+2	+6.9396048e+0	+1.1964767e+1	-1.3887400e+1	-3.1448624e+0
+0.8590000e+2	+5.3662953e+0	+1.1571435e+1	-1.6640566e+1	-5.7014327e+0
+0.8600000e+2	+5.5629587e+0	+1.0784772e+1	-1.3297433e+1	-1.5715816e+0
+0.8610000e+2	+3.5963287e+0	+1.0981438e+1	-1.4674020e+1	-1.3749212e+0
+0.8620000e+2	+0.8709584e+1	+1.2948099e+1	-1.5263985e+1	-1.7682420e+0
+0.8630000e+2	+5.1696324e+0	+0.9211450e+1	-1.5853948e+1	+0.1704460e-2
+0.8640000e+2	+7.9229259e+0	+1.4718101e+1	-1.6640566e+1	-1.3749212e+0
+0.8650000e+2	+5.9562860e+0	+1.1374769e+1	-1.8213795e+1	-1.5715816e+0
+0.8660000e+2	+0.9496244e+1	+1.0981438e+1	-1.4280710e+1	+0.1704460e-2
+0.8670000e+2	+0.8906249e+1	+1.0194776e+1	-1.5460639e+1	-3.7348413e+0
+0.8680000e+2	+7.3329329e+0	+1.1768101e+1	-1.6050602e+1	-2.1615627e+0
+0.8690000e+2	+7.7262616e+0	+1.0194776e+1	-1.5460639e+1	-1.3749212e+0
+0.8700000e+2	+6.3496132e+0	+1.3734765e+1	-1.6640566e+1	-1.1782607e+0
+0.8710000e+2	+0.8119591e+1	+1.3931433e+1	-1.9393715e+1	-5.8980913e+0
+0.8720000e+2	+5.5629587e+0	+1.0391440e+1	-1.7033873e+1	-1.7682420e+0
+0.8730000e+2	+5.5629587e+0	+1.2554766e+1	-1.6640566e+1	-1.7682420e+0
+0.8740000e+2	+0.8709584e+1	+1.2554766e+1	-1.8017141e+1	-2.5548828e+0
+0.8750000e+2	+7.1362691e+0	+1.0391440e+1	-1.8213795e+1	-2.9482026e+0
+0.8760000e+2	+0.8709584e+1	+1.1571435e+1	-1.6837219e+1	+1.5749959e+0
+0.8770000e+2	+0.8709584e+1	+1.1178103e+1	-1.5460639e+1	-1.9649024e+0
+0.8780000e+2	+0.8316255e+1	+1.3144765e+1	-1.6247257e+1	-1.7682420e+0
+0.8790000e+2	+7.9229259e+0	+1.1571435e+1	-1.5067329e+1	-2.7515428e+0
+0.8800000e+2	+0.8512919e+1	+0.8228126e+1	-1.9000408e+1	-3.3415222e+0
+0.8810000e+2	+1.0282905e+1	+1.0784772e+1	-1.7623835e+1	+2.7549679e+0
+0.8820000e+2	+6.3496132e+0	+1.0784772e+1	-1.6640566e+1	-0.7849393e+0
+0.8830000e+2	+7.5295973e+0	+1.2554766e+1	-1.8213795e+1	-2.9482026e+0
+0.8840000e+2	+6.7429409e+0	+1.1178103e+1	-1.5657293e+1	-0.3916176e+0
+0.8850000e+2	+0.8316255e+1	+1.0391440e+1	-1.4870675e+1	-0.7849393e+0
+0.8860000e+2	+0.8906249e+1	+1.0588106e+1	-1.8607101e+1	-1.9649024e+0
+0.8870000e+2	+1.0086240e+1	+0.9604779e+1	-1.7623835e+1	+0.1983656e+0
+0.8880000e+2	+7.1362691e+0	+1.1178103e+1	-1.5460639e+1	-0.3916176e+0
+0.8890000e+2	+7.9229259e+0	+0.9014785e+1	-1.5460639e+1	-1.3749212e+0
+0.8900000e+2	+6.3496132e+0	+0.9801445e+1	-1.5460639e+1	-1.5715816e+0
+0.8910000e+2	+7.5295973e+0	+1.1374769e+1	-1.5067329e+1	+0.1704460e-2
+0.8920000e+2	+7.9229259e+0	+1.1571435e+1	-1.4870675e+1	-4.9147973e+0
+0.8930000e+2	+0.9889574e+1	+1.0194776e+1	-1.6050602e+1	+0.1983656e+0
+0.8940000e+2	+7.5295973e+0	+0.8424790e+1	-1.3887400e+1	-2.9482026e+0
+0.8950000e+2	+0.9889574e+1	+0.9211450e+1	-1.7427181e+1	+4.3282685e+0
+0.8960000e+2	+7.9229259e+0	+1.0588106e+1	-1.4084055e+1	+0.9850110e+0
+0.8970000e+2	+5.3662953e+0	+0.9801445e+1	-1.7230528e+1	+0.3950268e+0
+0.8980000e+2	+7.1362691e+0	+1.3734765e+1	-1.4280710e+1	-2.7515428e+0
+0.8990000e+2	+0.9496244e+1	+1.0784772e+1	-1.5853948e+1	-0.3916176e+0
+0.9000000e+2	+5.9562860e+0	+1.0194776e+1	-1.4870675e+1	+0.7883495e+0
+0.9010000e+2	+0.8906249e+1	+1.0588106e+1	-1.4084055e+1	+0.9850110e+0
+0.9020000e+2	+7.5295973e+0	+1.3734765e+1	-1.5853948e+1	+0.1983656e+0
+0.9030000e+2	+0.9692909e+1	+1.1768101e+1	-1.7033873e+1	-1.5715816e+0
+0.9040000e+2	+0.8709584e+1	+1.1374769e+1	-1.5460639e+1	-0.9816000e+0
+0.9050000e+2	+5.9562860e+0	+1.1768101e+1	-1.4477365e+1	+0.1704460e-2
+0.9060000e+2	+6.5462770e+0	+1.0784772e+1	-1.7820488e+1	-3.7348413e+0
+0.9070000e+2	+6.7429409e+0	+1.1964767e+1	-1.1527531e+1	+0.9850110e+0
+0.9080000e+2	+7.7262616e+0	+1.0194776e+1	-1.5067329e+1	+2.9516301e+0
+0.9090000e+2	+0.8906249e+1	+1.1178103e+1	-1.5263985e+1	-1.3749212e+0
+0.9100000e+2	+6.5462770e+0	+1.0588106e+1	-1.6640566e+1	-1.1782607e+0
+0.9110000e+2	+7.3329329e+0	+0.9998110e+1	-1.4280710e+1	+1.9683195e+0
+0.9120000e+2	+6.7429409e+0	+1.1964767e+1	-1.6050602e+1	+1.1816726e+0
+0.9130000e+2	+7.5295973e+0	+1.0588106e+1	-1.4280710e+1	-2.3582227e+0
+0.9140000e+2	+0.9102914e+1	+1.1964767e+1	-1.5853948e+1	-3.9315009e+0
+0.9150000e+2	+4.3829799e+0	+1.0981438e+1	-1.4674020e+1	-6.0947499e+0
+0.9160000e+2	+0.8316255e+1	+1.1571435e+1	-1.5067329e+1	+2.9516301e+0
+0.9170000e+2	+7.9229259e+0	+0.8621455e+1	-1.5067329e+1	+0.9850110e+0
+0.9180000e+2	+7.1362691e+0	+1.3144765e+1	-1.3887400e+1	-1.1782607e+0
+0.9190000e+2	+6.5462770e+0	+1.1964767e+1	-1.5853948e+1	-4.3248196e+0
+0.9200000e+2	+1.0086240e+1	+1.2554766e+1	-1.6443911e+1	-4.9147973e+0
+0.9210000e+2	+7.5295973e+0	+1.4128099e+1	-1.5657293e+1	-1.1782607e+0
+0.9220000e+2	+0.8709584e+1	+1.2751432e+1	-1.5657293e+1	+0.9850110e+0
+0.9230000e+2	+4.9729691e+0	+0.8424790e+1	-1.6640566e+1	-2.5548828e+0
+0.9240000e+2	+5.5629587e+0	+0.8424790e+1	-1.4477365e+1	-4.3248196e+0
+0.9250000e+2	+6.5462770e+0	+0.8228126e+1	-1.3297433e+1	+0.7883495e+0
+0.9260000e+2	+0.8906249e+1	+1.2948099e+1	-1.6837219e+1	+0.1704460e-2
+0.9270000e+2	+5.9562860e+0	+1.2948099e+1	-1.3887400e+1	-4.1281605e+0
+0.9280000e+2	+1.0086240e+1	+1.2358099e+1	-1.4674020e+1	+2.1649816e+0
+0.9290000e+2	+6.9396048e+0	+1.0391440e+1	-1.5853948e+1	-2.9482026e+0
+0.9300000e+2	+7.1362691e+0	+1.0588106e+1	-1.6050602e+1	-0.9816000e+0
+0.9310000e+2	+4.9729691e+0	+1.0588106e+1	-1.7623835e+1	-0.3916176e+0
+0.9320000e+2	+0.9102914e+1	+1.0981438e+1	-1.5657293e+1	-3.7348413e+0
+0.9330000e+2	+0.8512919e+1	+1.0391440e+1	-1.4870675e+1	-3.3415222e+0
+0.9340000e+2	+0.9299579e+1	+1.2554766e+1	-1.3494089e+1	-1.7682420e+0
+0.9350000e+2	+1.0282905e+1	+1.3341432e+1	-1.8803755e+1	-4.5214791e+0
+0.9360000e+2	+0.8906249e+1	+0.8424790e+1	-1.7427181e+1	+0.1704460e-2
+0.9370000e+2	+7.9229259e+0	+1.2751432e+1	-1.3494089e+1	-1.5715816e+0
+0.9380000e+2	+7.9229259e+0	+1.2554766e+1	-1.6640566e+1	+0.7883495e+0
+0.9390000e+2	+0.8119591e+1	+0.9211450e+1	-1.7427181e+1	-1.1782607e+0
+0.9400000e+2	+7.5295973e+0	+1.1964767e+1	-1.4870675e+1	+2.1649816e+0
+0.9410000e+2	+0.8316255e+1	+1.2358099e+1	-1.4084055e+1	+0.7883495e+0
+0.9420000e+2	+0.8512919e+1	+1.0391440e+1	-1.4084055e+1	-0.7849393e+0
+0.9430000e+2	+6.3496132e+0	+0.9408114e+1	-1.8213795e+1	-1.1782607e+0
+0.9440000e+2	+7.1362691e+0	+1.0588106e+1	-1.7820488e+1	-5.8980913e+0
+0.9450000e+2	+5.1696324e+0	+1.5111436e+1	-1.6247257e+1	-2.9482026e+0
+0.9460000e+2	+6.3496132e+0	+1.1571435e+1	-1.4674020e+1	-2.7515428e+0
+0.9470000e+2	+7.5295973e+0	+1.0784772e+1	-1.7623835e+1	+0.3950268e+0
+0.9480000e+2	+0.8906249e+1	+0.8818120e+1	-1.3494089e+1	+0.5916881e+0
+0.9490000e+2	+0.8119591e+1	+1.1374769e+1	-1.7033873e+1	+4.9182577e+0
+0.9500000e+2	+0.8119591e+1	+0.9604779e+1	-1.4477365e+1	-4.7181382e+0
+0.9510000e+2	+7.5295973e+0	+1.2358099e+1	-1.4280710e+1	+0.3950268e+0
+0.9520000e+2	+0.9496244e+1	+0.9998110e+1	-1.4870675e+1	-6.8813834e+0
+0.9530000e+2	+7.1362691e+0	+0.9998110e+1	-1.8017141e+1	-0.7849393e+0
+0.9540000e+2	+0.9496244e+1	+1.0784772e+1	-1.7623835e+1	+0.1704460e-2
+0.9550000e+2	+0.8512919e+1	+1.0588106e+1	-1.4674020e+1	-1.7682420e+0
+0.9560000e+2	+6.5462770e+0	+1.0784772e+1	-1.9393715e+1	-6.6847253e+0
+0.9570000e+2	+0.9299579e+1	+0.9211450e+1	-1.4477365e+1	-0.3916176e+0
+0.9580000e+2	+5.7596226e+0	+1.2161433e+1	-1.6247257e+1	-0.9816000e+0
+0.9590000e+2	+7.1362691e+0	+1.1964767e+1	-1.6247257e+1	-1.5715816e+0
+0.9600000e+2	+7.5295973e+0	+1.2948099e+1	-1.9197062e+1	-2.9482026e+0
+0.9610000e+2	+5.9562860e+0	+0.9211450e+1	-1.5853948e+1	-3.9315009e+0
+0.9620000e+2	+5.1696324e+0	+1.3931433e+1	-1.4870675e+1	-0.9816000e+0
+0.9630000e+2	+0.8512919e+1	+1.1768101e+1	-1.2314155e+1	-1.5715816e+0
+0.9640000e+2	+0.9102914e+1	+1.1768101e+1	-1.5067329e+1	-0.7849393e+0
+0.9650000e+2	+0.8119591e+1	+1.1571435e+1	-1.7623835e+1	-7.0780416e+0
+0.9660000e+2	+0.8119591e+1	+0.9408114e+1	-1.4280710e+1	-4.7181382e+0
+0.9670000e+2	+5.1696324e+0	+1.3931433e+1	-1.9787020e+1	-2.3582227e+0
+0.9680000e+2	+1.2052897e+1	+1.3538098e+1	-1.4477365e+1	-3.3415222e+0
+0.9690000e+2	+7.1362691e+0	+1.1768101e+1	-1.7427181e+1	-5.7014327e+0
+0.9700000e+2	+0.8709584e+1	+1.2161433e+1	-1.7623835e+1	-3.7348413e+0
+0.9710000e+2	+1.0086240e+1	+1.4914768e+1	-1.5067329e+1	-2.3582227e+0
+0.9720000e+2	+5.1696324e+0	+1.2751432e+1	-1.3297433e+1	-5.8980913e+0
+0.9730000e+2	+6.9396048e+0	+7.6381326e+0	-1.7820488e+1	-2.9482026e+0
+0.9740000e+2	+7.7262616e+0	+7.0481400e+0	-1.6247257e+1	-3.5381818e+0
+0.9750000e+2	+0.8119591e+1	+0.8621455e+1	-1.5460639e+1	-4.1281605e+0
+0.9760000e+2	+7.5295973e+0	+1.2751432e+1	-1.3494089e+1	-3.1448624e+0
+0.9770000e+2	+7.5295973e+0	+1.2358099e+1	-1.7230528e+1	-3.5381818e+0
+0.9780000e+2	+3.9896541e+0	+0.9014785e+1	-1.4477365e+1	-1.0814531e+1
+0.9790000e+2	+0.9692909e+1	+1.1178103e+1	-1.7623835e+1	-3.7348413e+0
+0.9800000e+2	+0.8709584e+1	+1.1964767e+1	-1.9000408e+1	-0.3916176e+0
+0.9810000e+2	+7.3329329e+0	+1.3538098e+1	-1.8017141e+1	+0.1983656e+0
+0.9820000e+2	+6.9396048e+0	+1.1768101e+1	-1.5067329e+1	-2.3582227e+0
+0.9830000e+2	+1.0479570e+1	+1.5308103e+1	-1.4280710e+1	-6.0947499e+0
+0.9840000e+2	+4.7763057e+0	+0.9801445e+1	-1.5263985e+1	-0.9816000e+0
+0.9850000e+2	+6.3496132e+0	+1.3538098e+1	-1.5067329e+1	-4.7181382e+0
+0.9860000e+2	+6.1529498e+0	+1.3538098e+1	-1.7820488e+1	-4.5214791e+0
+0.9870000e+2	+6.9396048e+0	+1.4128099e+1	-1.5067329e+1	-2.3582227e+0
+0.9880000e+2	+7.5295973e+0	+1.2161433e+1	-1.4477365e+1	-2.3582227e+0
+0.9890000e+2	+1.1462899e+1	+1.3144765e+1	-1.6443911e+1	-2.9482026e+0
+0.9900000e+2	+6.7429409e+0	+1.0391440e+1	-1.7230528e+1	-7.0780416e+0
+0.9910000e+2	+7.3329329e+0	+1.2554766e+1	-1.7033873e+1	+0.9850110e+0
+0.9920000e+2	+7.3329329e+0	+7.2448039e+0	-1.3887400e+1	-4.7181382e+0
+0.9930000e+2	+0.8709584e+1	+0.8424790e+1	-1.5657293e+1	-4.7181382e+0
+0.9940000e+2	+0.8512919e+1	+1.1571435e+1	-1.4084055e+1	-2.5548828e+0
+0.9950000e+2	+1.0086240e+1	+1.4128099e+1	-1.8017141e+1	+0.1983656e+0
+0.9960000e+2	+0.9889574e+1	+1.1374769e+1	-1.7820488e+1	-0.1949566e+0
+0.9970000e+2	+7.1362691e+0	+0.9998110e+1	-1.5263985e+1	+0.1983656e+0
+0.9980000e+2	+0.9692909e+1	+1.4521434e+1	-1.4280710e+1	-0.5882785e+0
+0.9990000e+2	+6.9396048e+0	+1.0981438e+1	-1.8213795e+1	-4.5214791e+0
+1.0000000e+2	+0.9889574e+1	+1.3538098e+1	-1.6443911e+1	-2.1615627e+0
+1.0010000e+2	+1.0479570e+1	+1.3931433e+1	-1.7427181e+1	-2.5548828e+0
+1.0020000e+2	+0.9102914e+1	+1.1964767e+1	-1.6640566e+1	+1.5749959e+0
+1.0030000e+2	+7.1362691e+0	+0.9801445e+1	-1.6050602e+1	+1.3783342e+0
+1.0040000e+2	+1.2052897e+1	+1.4914768e+1	-1.8017141e+1	-5.1114559e+0
+1.0050000e+2	+0.9102914e+1	+1.0588106e+1	-1.5067329e+1	-1.5715816e+0
+1.0060000e+2	+0.9692909e+1	+1.4324766e+1	-1.7230528e+1	-1.9649024e+0
+1.0070000e+2	+7.9229259e+0	+1.1178103e+1	-1.3887400e+1	-5.1114559e+0
+1.0080000e+2	+0.8316255e+1	+0.9408114e+1	-1.6443911e+1	+2.9516301e+0
+1.0090000e+2	+0.9496244e+1	+1.3734765e+1	-1.4870675e+1	-2.3582227e+0
+1.0100000e+2	+1.0676236e+1	+1.1571435e+1	-1.3887400e+1	-4.3248196e+0
+1.0110000e+2	+4.9729691e+0	+1.2948099e+1	-1.5460639e+1	-5.8980913e+0
+1.0120000e+2	+2.6130168e+0	+5.0815034e+0	-5.4311466e+0	-5.5047736e+0
+1.0130000e+2	-1.1235499e+0	+0.7549324e+0	+0.0753323e+0	-1.3749212e+0
+1.0140000e+2	+1.0397218e+0	+0.7549324e+0	+1.8452858e+0	+1.1816726e+0
+1.0150000e+2	-3.0901520e+0	+3.1148753e+0	-0.9079723e+0	+0.7883495e+0
+1.0160000e+2	-3.2868118e+0	+0.5582711e+0	+1.2553006e+0	+0.1983656e+0
+1.0170000e+2	+1.8263687e+0	-0.4250346e+0	+1.6486239e+0	-3.3415222e+0
+1.0180000e+2	-2.5001724e+0	+2.1315644e+0	-2.4812553e+0	-6.0947499e+0
+1.0190000e+2	-1.5168711e+0	-2.1949794e+0	-1.1046330e+0	-1.3749212e+0
+1.0200000e+2	-0.9268893e+0	+1.3449171e+0	-0.9079723e+0	-0.1949566e+0
+1.0210000e+2	-4.2701092e+0	+2.3282263e+0	+3.8119087e+0	+1.7716577e+0
+1.0220000e+2	-2.6968324e+0	+0.1649486e+0	-2.4812553e+0	-3.9315009e+0
+1.0230000e+2	-1.9101918e+0	-0.2283736e+0	+0.4686548e+0	-3.9315009e+0
+1.0240000e+2	+0.8430604e+0	+0.3616098e+0	-2.4812553e+0	-2.3582227e+0
+1.0250000e+2	+1.2363834e+0	-2.9816196e+0	+0.0753323e+0	-0.9816000e+0
+1.0260000e+2	-1.1235499e+0	-0.8183562e+0	+1.2553006e+0	+1.1816726e+0
+1.0270000e+2	-0.7302286e+0	-1.6049986e+0	-0.7113115e+0	+0.5916881e+0
+1.0280000e+2	-1.5168711e+0	+1.5415788e+0	+0.8619775e+0	-2.7515428e+0
+1.0290000e+2	-2.8934922e+0	-1.9983193e+0	-1.1046330e+0	+1.9683195e+0
+1.0300000e+2	+2.2196925e+0	+2.3282263e+0	-0.9079723e+0	-3.9315009e+0
+1.0310000e+2	+0.6463990e+0	+2.5248885e+0	-3.0712352e+0	+0.5916881e+0
+1.0320000e+2	+2.8096790e+0	+1.5415788e+0	+1.2553006e+0	-3.1448624e+0
+1.0330000e+2	+0.2530764e+0	-0.4250346e+0	-0.5146506e+0	-0.3916176e+0
+1.0340000e+2	+0.6463990e+0	+3.3115377e+0	+0.0753323e+0	-2.9482026e+0
+1.0350000e+2	-2.8934922e+0	+0.1649486e+0	+0.6653161e+0	+1.5749959e+0
+1.0360000e+2	-0.1402458e+0	-0.2283736e+0	-1.3012935e+0	-2.7515428e+0
+1.0370000e+2	-2.3035123e+0	-0.3171256e-1	-0.5146506e+0	-0.1949566e+0
+1.0380000e+2	+0.2530764e+0	-0.2283736e+0	+0.0753323e+0	+0.9850110e+0
+1.0390000e+2	+1.0397218e+0	+2.1315644e+0	+1.6486239e+0	+2.1649816e+0
+1.0400000e+2	-3.0901520e+0	-0.3171256e-1	-1.4979540e+0	+0.1983656e+0
+1.0410000e+2	-2.6968324e+0	+1.9349024e+0	-4.2511926e+0	-3.7348413e+0
+1.0420000e+2	-3.0901520e+0	+2.3282263e+0	+0.0753323e+0	-1.7682420e+0
+1.0430000e+2	-0.7302286e+0	+0.1649486e+0	-1.8912748e+0	+1.9683195e+0
+1.0440000e+2	+0.4497376e+0	+3.1148753e+0	+0.4686548e+0	-1.1782607e+0
+1.0450000e+2	-0.5335677e+0	+3.7048628e+0	+0.8619775e+0	-0.5882785e+0
+1.0460000e+2	-4.2701092e+0	-2.5882998e+0	+1.4519622e+0	+4.9182577e+0
+1.0470000e+2	-3.0901520e+0	-0.8183562e+0	+1.0586390e+0	+2.7549679e+0
+1.0480000e+2	-2.1068521e+0	-2.1949794e+0	+1.2553006e+0	+2.1649816e+0
+1.0490000e+2	+1.0397218e+0	-0.3171256e-1	+2.2386098e+0	+3.5416176e+0
+1.0500000e+2	-1.7135315e+0	+2.9182129e+0	+1.2553006e+0	+1.3783342e+0
+1.0510000e+2	-2.5001724e+0	-1.2116776e+0	+0.2719935e+0	+1.1816726e+0
+1.0520000e+2	-2.8934922e+0	+2.9182129e+0	-0.9079723e+0	+3.5416176e+0
+1.0530000e+2	-0.3369069e+0	-0.2283736e+0	-1.1046330e+0	+0.5916881e+0
+1.0540000e+2	-2.3035123e+0	+2.1315644e+0	+2.8285961e+0	+2.5583057e+0
+1.0550000e+2	+1.0397218e+0	-0.3171256e-1	-2.0879350e+0	-1.3749212e+0
+1.0560000e+2	-0.1402458e+0	-1.2116776e+0	-0.5146506e+0	-3.7348413e+0
+1.0570000e+2	-0.5335677e+0	-2.3916397e+0	+0.4686548e+0	+2.1649816e+0
+1.0580000e+2	-1.9101918e+0	+1.7382405e+0	+1.0586390e+0	+2.3616436e+0
+1.0590000e+2	-1.5168711e+0	+0.7549324e+0	+2.4352717e+0	+1.1816726e+0
+1.0600000e+2	-2.3035123e+0	-1.0150169e+0	+1.6486239e+0	-4.3248196e+0
+1.0610000e+2	-4.8600869e+0	-1.0150169e+0	+0.4686548e+0	-4.1281605e+0
+1.0620000e+2	-0.3369069e+0	+1.7382405e+0	+3.4185834e+0	-0.7849393e+0
+1.0630000e+2	+2.0230305e+0	-0.6216955e+0	-1.1046330e+0	+3.1482925e+0
+1.0640000e+2	-2.3035123e+0	-0.2283736e+0	-1.1046330e+0	-3.5381818e+0
+1.0650000e+2	-2.8934922e+0	-0.4250346e+0	+0.6653161e+0	+1.5749959e+0
+1.0660000e+2	-2.3035123e+0	-0.4250346e+0	+1.0586390e+0	+0.1704460e-2
+1.0670000e+2	+1.0397218e+0	-1.2116776e+0	+1.4519622e+0	+1.3783342e+0
+1.0680000e+2	+0.8430604e+0	+1.1482555e+0	+3.4185834e+0	+1.7716577e+0
+1.0690000e+2	+2.6130168e+0	-0.3171256e-1	+2.0419478e+0	+0.5916881e+0
+1.0700000e+2	-4.0734501e+0	+1.1482555e+0	-1.3012935e+0	+0.3950268e+0
+1.0710000e+2	-1.7135315e+0	+2.5248885e+0	-1.4979540e+0	+1.7716577e+0
+1.0720000e+2	+0.2530764e+0	+4.4915142e+0	-1.8912748e+0	+0.7883495e+0
+1.0730000e+2	+0.8430604e+0	-1.6049986e+0	-1.3012935e+0	-2.9482026e+0
+1.0740000e+2	+0.6463990e+0	+1.9349024e+0	-0.1213287e+0	-2.7515428e+0
+1.0750000e+2	-2.3035123e+0	+1.5415788e+0	+1.6486239e+0	+0.3950268e+0
+1.0760000e+2	-1.7135315e+0	+3.5082002e+0	-3.0712352e+0	+0.5916881e+0
+1.0770000e+2	+0.8430604e+0	-0.2283736e+0	+0.2719935e+0	-0.9816000e+0
+1.0780000e+2	+1.0397218e+0	+1.7382405e+0	+2.6319339e+0	+2.9516301e+0
+1.0790000e+2	-1.5168711e+0	+1.1482555e+0	-1.1046330e+0	-4.5214791e+0
+1.0800000e+2	-2.1068521e+0	-1.4083381e+0	+4.5985599e+0	+1.1816726e+0
+1.0810000e+2	-4.4667687e+0	-1.9983193e+0	+1.8452858e+0	+1.3783342e+0
+1.0820000e+2	-0.3369069e+0	-0.6216955e+0	-0.5146506e+0	-2.3582227e+0
+1.0830000e+2	-0.3369069e+0	+0.1649486e+0	-2.4812553e+0	-0.3916176e+0
+1.0840000e+2	+1.8263687e+0	+0.9515939e+0	+0.2719935e+0	+1.3783342e+0
+1.0850000e+2	-0.9268893e+0	+0.1649486e+0	-0.5146506e+0	+1.1816726e+0
+1.0860000e+2	-4.0734501e+0	+0.7549324e+0	+0.6653161e+0	-0.5882785e+0
+1.0870000e+2	+0.4497376e+0	-0.4250346e+0	+1.0586390e+0	+1.1816726e+0
+1.0880000e+2	+1.4330450e+0	+0.9515939e+0	+0.4686548e+0	+1.9683195e+0
+1.0890000e+2	+1.0397218e+0	-0.2283736e+0	-0.5146506e+0	-3.1448624e+0
+1.0900000e+2	-0.3369069e+0	+0.9515939e+0	-0.3179897e+0	+0.5916881e+0
+1.0910000e+2	-1.9101918e+0	+0.3616098e+0	-0.7113115e+0	-0.9816000e+0
+1.0920000e+2	+1.8263687e+0	-0.4250346e+0	+1.6486239e+0	+0.9850110e+0
+1.0930000e+2	-2.8934922e+0	+1.3449171e+0	-0.1213287e+0	-2.5548828e+0
+1.0940000e+2	-1.3202106e+0	-0.6216955e+0	+0.0753323e+0	+2.1649816e+0
+1.0950000e+2	-1.9101918e+0	-0.8183562e+0	-0.9079723e+0	-0.1949566e+0
+1.0960000e+2	-2.3035123e+0	-0.2283736e+0	+0.2719935e+0	-1.1782607e+0
+1.0970000e+2	+0.5641523e-1	+2.9182129e+0	-0.7113115e+0	+0.9850110e+0
+1.0980000e+2	+0.5641523e-1	-0.8183562e+0	+0.0753323e+0	+0.7883495e+0
+1.0990000e+2	-1.7135315e+0	-0.2283736e+0	+1.6486239e+0	+2.7549679e+0
+1.1000000e+2	+0.4497376e+0	+1.9349024e+0	-0.3179897e+0	-1.5715816e+0
+1.1010000e+2	+0.2530764e+0	-2.7849596e+0	-4.6445107e+0	+1.7716577e+0
+1.1020000e+2	-0.1402458e+0	+2.1315644e+0	-0.7113115e+0	-4.9147973e+0
+1.1030000e+2	-1.5168711e+0	+0.3616098e+0	+2.2386098e+0	-1.5715816e+0
+1.1040000e+2	-3.8767905e+0	+1.1482555e+0	+0.6653161e+0	-4.5214791e+0
+1.1050000e+2	+0.2530764e+0	+1.3449171e+0	-0.7113115e+0	-0.1949566e+0
+1.1060000e+2	-1.5168711e+0	+2.5248885e+0	+0.6653161e+0	-1.7682420e+0
+1.1070000e+2	-0.5335677e+0	+1.3449171e+0	+2.2386098e+0	+0.9850110e+0
+1.1080000e+2	+0.4497376e+0	+2.3282263e+0	-2.0879350e+0	+3.7382803e+0
+1.1090000e+2	-7.4166474e+0	-1.2116776e+0	+2.2386098e+0	-2.7515428e+0
+1.1100000e+2	-1.5168711e+0	-1.9983193e+0	-1.3012935e+0	+3.1482925e+0
+1.1110000e+2	+5.1696324e+0	-0.6216955e+0	-0.9079723e+0	+2.5583057e+0
+1.1120000e+2	-0.7302286e+0	-1.6049986e+0	-3.6612141e+0	-3.7348413e+0
+1.1130000e+2	-2.8934922e+0	+1.3449171e+0	-1.6946144e+0	-0.7849393e+0
+1.1140000e+2	-0.1402458e+0	+5.0815034e+0	-1.4979540e+0	-0.3916176e+0
+1.1150000e+2	-2.5001724e+0	-0.3171256e-1	+2.0419478e+0	-1.1782607e+0
+1.1160000e+2	-0.3369069e+0	+1.5415788e+0	-2.2845953e+0	-1.3749212e+0
+1.1170000e+2	-0.1402458e+0	-4.5548954e+0	-0.5146506e+0	+0.7883495e+0
+1.1180000e+2	-4.2701092e+0	-1.8016590e+0	+0.4686548e+0	-2.5548828e+0
+1.1190000e+2	+0.4497376e+0	+4.2948513e+0	+2.0419478e+0	-1.3749212e+0
+1.1200000e+2	-1.1235499e+0	+0.9515939e+0	-1.1046330e+0	-4.7181382e+0
+1.1210000e+2	+0.6463990e+0	-0.4250346e+0	-1.1046330e+0	+0.9850110e+0
+1.1220000e+2	+2.2196925e+0	+3.3115377e+0	+0.4686548e+0	+4.5249314e+0
+1.1230000e+2	-2.3035123e+0	+3.7048628e+0	-2.4812553e+0	-0.9816000e+0
+1.1240000e+2	-3.4834716e+0	+0.5582711e+0	+0.8619775e+0	+1.7716577e+0
+1.1250000e+2	-1.7135315e+0	-0.8183562e+0	-2.8745754e+0	+0.1983656e+0
+1.1260000e+2	-2.6968324e+0	+2.3282263e+0	+0.2719935e+0	-2.5548828e+0
+1.1270000e+2	-1.3202106e+0	-0.6216955e+0	-1.8912748e+0	-5.8980913e+0
+1.1280000e+2	-4.2701092e+0	-2.3916397e+0	+2.0419478e+0	-2.3582227e+0
+1.1290000e+2	+3.3996661e+0	-1.4083381e+0	+1.6486239e+0	+0.7883495e+0
+1.1300000e+2	+2.6130168e+0	+4.4915142e+0	-0.1213287e+0	+1.7716577e+0
+1.1310000e+2	-1.5168711e+0	+3.9015255e+0	-1.6946144e+0	+0.1704460e-2
+1.1320000e+2	-3.6801312e+0	-0.3171256e-1	+1.0586390e+0	-5.5047736e+0
+1.1330000e+2	-0.5335677e+0	-3.1782794e+0	+1.4519622e+0	+0.7883495e+0
+1.1340000e+2	-1.5168711e+0	-1.2116776e+0	+0.4686548e+0	-0.5882785e+0
+1.1350000e+2	+1.6297069e+0	-2.1949794e+0	+1.6486239e+0	+4.1316056e+0
+1.1360000e+2	+0.4497376e+0	+0.3616098e+0	+2.2386098e+0	-5.7014327e+0
+1.1370000e+2	+0.4497376e+0	-1.9983193e+0	-0.1213287e+0	-2.1615627e+0
+1.1380000e+2	+2.2196925e+0	-0.8183562e+0	-2.6779153e+0	-5.1114559e+0
+1.1390000e+2	-1.9101918e+0	-0.4250346e+0	-1.1046330e+0	+5.5082474e+0
+1.1400000e+2	+0.5641523e-1	-4.5548954e+0	-0.9079723e+0	+0.7883495e+0
+1.1410000e+2	-0.7302286e+0	+2.3282263e+0	-2.4812553e+0	-4.5214791e+0
+1.1420000e+2	-2.3035123e+0	+1.5415788e+0	-0.1213287e+0	+5.3115840e+0
+1.1430000e+2	+2.0230305e+0	+0.7549324e+0	-0.5146506e+0	+0.1704460e-2
+1.1440000e+2	-2.5001724e+0	-0.2283736e+0	-1.6946144e+0	-0.1949566e+0
+1.1450000e+2	+1.2363834e+0	-1.8016590e+0	-0.7113115e+0	+0.1704460e-2
